SkillID
22
23
24
25
26
27
28
29
30
31
34
35
36
37
38
39
40
41
42
43
46
47
48
49
50
51
52
53
54
55
56
60
61
62
63
64
65
66
67
68
69
70
71
72
73
76
77
78
79
80
81
82
83
84
85
86
87
88
91
92
93
94
95
96
97
98
99
100
101
104
105
106
107
108
109
110
111
112
115
116
117
119
120
121
122
123
126
127
128
129
130
131
132
133
134
135
136
137
138
139
140
141
142
143
144
145
148
149
150
151
152
153
154
155
156
157
158
160
161
162
163
165
166
167
168
170
171
172
173
174
175
176
177
178
179
180
181
182
183
184
185
186
187
188
189
190
191
192
193
194
195
196
197
198
199
200
201
202
203
204
205
206
207
208
209
210
211
212
213
214
215
216
217
218
219
220
221
222
223
224
225
226
227
228
229
230
231
232
233
234
235
236
237
238
239
240
241
242
243
245
246
247
248
249
250
251
252
253
254
255
256
257
258
259
260
261
262
263
264
265
266
267
268
269
270
271
272
273
274
275
276
277
278
279
280
281
282
283
284
285
286
287
288
289
290
291
292
293
294
295
296
297
298
299
300
301
302
303
304
305
306
307
308
309
310
311
313
314
315
316
317
318
319
320
321
322
323
324
325
326
327
328
329
330
331
332
333
334
336
337
338
339
340
341
342
343
344
345
346
348
349
350
351
352
353
354
355
356
357
358
359
360
361
362
363
365
366
367
368
369
371
372
373
374
375
376
377
378
379
164
380
169
381
494
382
383
384
385
386
387
388
389
390
391
392
393
394
395
396
397
398
399
400
401
402
403
404
405
406
407
408
409
410
411
412
413
414
415
416
417
418
419
420
421
422
423
424
425
426
427
428
432
433
434
436
451
452
453
455
484
485
486
488
32
500
501
502
503
504
505
506
507
508
509
510
511
512
513
514
515
516
517
518
44
519
57
520
74
521
89
522
523
102
524
525
526
527
113
528
124
529
530
531
532
533
534
535
536
537
538
539
540
541
542
543
146
544
545
546
547
548
549
159
550
551
552
553
554
732
555
745
556
775
774
558
721
722
723
724
725
726
727
728
729
730
731
734
735
736
737
738
739
740
741
742
743
744
746
747
748
749
750
751
752
753
754
755
756
757
758
759
760
761
762
763
764
765
766
767
768
769
770
771
772
773
843
844
845
846
847
848
849
850
851
854
855
856
857
858
859
860
960
961
962
963
964
965
975
976
978
979
981
982
984
986
988
989
990
992
993
994
996
997
999
1000
1001
1003
1004
1005
1007
1008
1010
1011
1013
1015
1018
1019
1020
1021
1022
1023
1024
1026
1027
1028
1029
1030
1031
1032
1033
1034
1035
1036
1037
1038
1039
1040
1041
1042
1043
1044
1045
1046
1047
1048
1049
1050
1051
1052
1054
1055
1056
1057
1058
1059
1060
1061
1062
1063
1064
1065
1066
1067
1068
1069
1070
1071
1072
1073
1074
1075
1076
1077
1078
1079
1080
1081
1082
1084
1085
1086
1087
1088
1089
1090
1091
1092
1093
1094
1095
1096
1097
1099
1100
1102
1104
1105
1108
1109
1110
1111
1112
1113
1114
1115
1116
1117
1118
1129
1130
1132
1133
1134
1135
1137
1139
1140
1141
1143
1144
1145
1146
1147
1148
1149
1150
1151
1152
1153
1154
1155
1156
1157
1158
1159
1160
1161
1162
1163
1164
1166
1167
1169
1170
1171
1173
1174
1175
1176
1177
1178
1179
1180
1181
1182
1183
1184
1185
1186
1187
1188
1189
1190
1191
1192
1193
1194
1195
1196
1197
1198
1199
1200
1201
1202
1203
1204
1205
1207
1208
1209
1210
1211
1212
1213
1214
1215
1216
1218
1219
1220
1221
1222
1223
1224
1225
1226
1227
1228
1229
1230
1238
1239
1240
1250
1253
1254
1255
1256
1261
1262
1263
1264
1265
1266
1267
1268
1269
1270
1271
1272
1273
1274
1275
1277
1278
1279
1280
1281
1282
1283
1284
1286
1287
1288
1289
1290
1291
1292
1293
1294
1296
1297
1298
1300
1302
1303
1305
1306
1308
1309
1426
1428
1430
1432
1434
1436
1438
1440
1442
1444
1446
1448
1450
1452
1454
1456
1458
1460
1462
1464
1585
1802
1804
1807
1808
1810
1812
1815
1816
1818
1819
1821
1822
1824
1825
1826
1827
1828
1829
1873
1874
1875
1876
1877
1878
1879
1880
1881
1882
1883
1884
1886
1887
1888
1889
1890
1891
1892
1893
1894
1895
1896
1897
1898
1901
1902
1903
1904
1910
1911
2148
2149
2150
2300
2301
2302
2303
2304
2307
2308
2310
2311
2312
2313
2314
2315
2316
2317
2318
2319
2320
2321
2322
2323
2324
2325
2326
2327
2328
2329
2330
2331
2332
2333
2334
2335
2336
2337
2338
2339
2340
2342
2343
2344
2345
2346
2347
2348
2349
2350
2351
2352
2356
2359
2360
2361
2362
2363
2364
2365
2366
2367
2368
2369
2370
2371
2372
2373
2374
2375
2376
2377
2378
2379
2380
2381
2382
2383
2384
2387
2388
2391
2392
2395
2396
2397
2398
2399
2400
2401
2402
2403
2404
2405
2406
2407
2408
2409
2410
2411
2412
2414
2415
2416
2418
2420
2421
2422
2423
2424
2425
2426
2427
2428
2429
2430
2431
2432
2433
2434
2435
2436
2437
2438
2439
2440
2441
2442
2443
2444
2445
2446
2447
2449
2450
2451
2452
2453
2454
2455
2456
2457
2458
2459
2460
2461
2462
2463
2464
2465
2466
2467
2468
2469
2471
2472
2473
2474
2475
2476
2479
2480
2481
2482
2483
2484
2485
2486
2487
2604
2605
2606
2607
2608
2609
2610
2611
2612
2613
2614
2615
2616
2617
2618
2619
2620
2621
2622
2623
2624
2625
2626
2627
2628
2629
2635
