GroupID	AttrID	AppearProbability	QuenchProbabiliy

1	74	10	10
1	75	10	10
1	62	2500	300
1	63	500	20
1	64	1500	80
1	65	480	20
1	66	2000	260
1	67	1500	140
1	68	1500	140
1	60	0	10
1	61	0	10
2	65	1000	80
2	69	500	80
2	70	2000	220
2	66	2480	220
2	71	10	10
2	72	10	10
2	73	1000	80
2	74	1500	150
2	75	1500	150
3	76	10	30
3	77	500	80
3	78	500	80
3	79	1000	150
3	80	1500	80
3	69	500	80
3	70	2000	150
3	65	1000	150
3	66	2990	200
4	81	100	50
4	82	500	100
4	83	500	100
4	84	500	100
4	85	800	100
4	86	1000	100
4	69	100	50
4	70	3000	150
4	65	1000	100
4	66	2500	150
5	87	100	40
5	88	1500	80
5	89	1500	80
5	90	1500	150
5	91	500	150
5	69	1000	100
5	70	1000	150
5	65	1000	100
5	66	1900	150
6	82	1000	100
6	83	1000	100
6	84	1000	100
6	85	1000	100
6	86	2000	100
6	89	2000	250
6	88	2000	250
7	60	50	50
7	61	50	50
7	62	3900	300
7	63	1000	100
7	64	1000	200
7	65	2000	100
7	66	2000	200
8	87	100	20
8	88	1500	150
8	89	1500	150
8	90	1500	100
8	91	500	75
8	69	500	75
8	70	1500	150
8	65	1000	100
8	66	1900	180
9	92	10	30
9	88	1500	150
9	89	1500	150
9	90	1000	100
9	91	1000	75
9	69	1000	75
9	70	1000	150
9	65	1000	100
9	66	1990	170
10	76	10	20
10	88	1500	150
10	89	1500	150
10	90	1000	100
10	91	1000	75
10	69	1000	75
10	70	1000	150
10	65	1000	100
10	66	1990	180
11	69	500	100
11	80	500	120
11	63	500	100
11	70	2400	120
11	65	1000	120
11	66	3000	120
11	60	50	50
11	61	50	50
11	93	2000	220
12	64	5230	100
12	73	1500	150
12	94	3000	200
12	95	50	220
12	96	10	50
12	97	10	50
12	98	50	80
12	99	50	50
12	102	50	50
12	100	50	50
13	98	50	100
13	99	50	50
13	100	50	50
13	102	50	50
13	88	2250	150
13	89	2250	150
13	90	800	100
13	91	500	100
13	69	1000	100
13	70	3000	150
14	78	0	10
14	77	0	10
14	60	10	70
14	61	10	70
14	72	10	80
14	71	10	80
14	91	1280	100
14	69	1500	100
14	80	1500	100
14	68	2200	190
14	93	3500	190
15	98	200	50
15	99	100	20
15	100	100	20
15	102	100	20
15	88	2950	215
15	89	2950	215
15	90	1200	100
15	91	200	80
15	69	200	80
15	70	2000	200
16	101	100	10
16	82	1000	100
16	83	1000	100
16	84	1000	100
16	85	1000	100
16	86	1000	100
16	88	1700	170
16	89	1700	170
16	93	1500	150
17	64	2900	320
17	73	600	75
17	94	1500	75
17	95	500	35
17	88	2000	200
17	89	2000	200
17	98	200	35
17	99	100	20
17	100	100	20
17	102	100	20
18	64	2000	150
18	73	750	75
18	94	1500	75
18	95	1000	50
18	88	1000	150
18	89	1000	150
18	77	500	100
18	78	500	100
18	93	1750	150
19	87	10	20
19	82	1000	100
19	83	1000	100
19	84	1000	100
19	85	1000	100
19	86	1000	100
19	69	650	55
19	70	1500	150
19	65	750	75
19	66	2090	200
20	73	500	120
20	74	1500	150
20	94	1500	100
20	87	10	20
20	76	10	20
20	95	200	40
20	69	1500	150
20	70	1780	200
20	67	3000	200
21	74	1000	100
21	75	1000	100
21	62	800	80
21	63	1000	100
21	64	800	80
21	65	1000	100
21	66	800	80
21	67	1300	80
21	68	1300	80
21	60	500	100
21	61	500	100
22	65	1000	150
22	69	500	150
22	70	2000	125
22	66	2300	125
22	71	100	100
22	72	100	100
22	73	1000	125
22	74	1500	125
22	75	1500	125
23	76	500	90
23	77	500	100
23	78	500	100
23	79	1000	130
23	80	1500	80
23	69	500	150
23	70	2000	100
23	65	1000	150
23	66	2500	100
24	81	100	75
24	82	500	100
24	83	500	100
24	84	500	100
24	85	800	100
24	86	1000	100
24	69	100	100
24	70	3000	150
24	65	1000	75
24	66	2500	150
25	87	500	100
25	88	1500	125
25	89	1500	125
25	90	1500	100
25	91	500	150
25	69	1000	100
25	70	1000	100
25	65	1000	100
25	66	1500	100
26	87	500	50
26	91	500	100
26	82	1000	120
26	83	1000	120
26	84	1000	120
26	85	1000	120
26	86	2000	120
26	89	1500	125
26	88	1500	125
27	60	500	150
27	61	500	150
27	62	3000	100
27	63	1000	200
27	64	1000	100
27	65	2000	200
27	66	2000	100
28	87	500	100
28	88	1500	125
28	89	1500	125
28	90	1500	100
28	91	500	100
28	69	1000	100
28	70	1500	100
28	65	1000	150
28	66	1000	100
29	92	100	80
29	88	1500	125
29	89	1500	125
29	90	1000	100
29	91	1000	75
29	69	1000	125
29	70	1000	100
29	65	1000	100
29	66	1900	170
30	76	500	125
30	88	1500	100
30	89	1500	100
30	90	1000	100
30	91	1000	100
30	69	1500	125
30	70	1000	150
30	65	1000	100
30	66	1000	100
31	69	600	120
31	80	500	120
31	63	500	100
31	70	2400	100
31	65	1000	120
31	66	3000	120
31	60	500	100
31	61	500	100
31	93	1000	120
32	64	2875	75
32	73	1500	100
32	94	2875	75
32	95	500	100
32	96	250	100
32	97	250	100
32	98	1000	100
32	99	250	100
32	100	250	100
32	102	250	100
33	98	50	150
33	99	50	50
33	100	50	50
33	102	50	50
33	88	2250	125
33	89	2250	125
33	90	800	100
33	91	500	100
33	69	1000	150
33	70	3000	100
34	78	0	5
34	77	0	5
34	60	510	120
34	61	510	120
34	72	500	125
34	71	500	125
34	91	1280	100
34	69	1500	100
34	80	1500	100
34	68	1700	100
34	93	2000	100
35	98	200	150
35	99	100	100
35	100	100	100
35	102	100	100
35	88	2950	75
35	89	2950	75
35	90	1200	100
35	91	200	100
35	69	200	100
35	70	2000	100
36	101	500	150
36	82	1000	100
36	83	1000	100
36	84	1000	100
36	85	1000	100
36	86	1000	100
36	88	1500	100
36	89	1500	100
36	93	1500	150
37	64	3000	100
37	73	600	100
37	94	1500	100
37	95	500	150
37	88	2000	100
37	89	2000	100
37	98	200	150
37	99	100	100
37	100	100	100
38	64	2000	100
38	73	1000	75
38	94	1500	75
38	95	750	150
38	88	1000	125
38	89	1000	125
38	77	500	100
38	78	500	100
38	93	1750	150
39	87	600	100
39	82	1000	100
39	83	1000	100
39	84	1000	100
39	85	1000	100
39	86	1000	100
39	69	650	100
39	70	1500	100
39	65	750	100
39	66	1500	100
40	73	1000	100
40	74	1700	150
40	94	1500	100
40	87	200	100
40	76	200	100
40	95	200	100
40	69	1500	150
40	70	1500	100
40	67	2000	100
41	74	1000	100
41	75	1000	100
41	62	800	80
41	63	1000	100
41	64	800	80
41	65	1500	100
41	66	800	80
41	67	1300	80
41	68	1300	80
41	60	250	100
41	61	250	100
42	65	1000	150
42	69	500	150
42	70	2000	125
42	66	2300	125
42	71	100	100
42	72	100	100
42	73	1000	125
42	74	1500	125
42	75	1500	125
43	76	100	50
43	77	500	100
43	78	500	100
43	79	1000	130
43	80	1500	80
43	69	900	150
43	70	2000	100
43	65	1000	190
43	66	2500	100
44	81	100	75
44	82	500	100
44	83	500	100
44	84	500	100
44	85	800	100
44	86	1000	100
44	69	100	100
44	70	3000	150
44	65	1000	75
44	66	2500	150
45	87	100	50
45	88	1500	150
45	89	1500	150
45	90	1500	100
45	91	500	150
45	69	1400	100
45	70	1000	100
45	65	1000	100
45	66	1500	100
46	82	1000	140
46	83	1000	140
46	84	1000	140
46	85	1000	140
46	86	2000	140
46	89	2000	150
46	88	2000	150
47	60	100	100
47	61	100	100
47	62	3000	200
47	63	1000	200
47	64	1000	100
47	65	2800	200
47	66	2000	100
48	87	100	50
48	88	1500	150
48	89	1500	150
48	90	1500	100
48	91	500	100
48	69	1000	100
48	70	1500	100
48	65	1400	150
48	66	1000	100
49	92	100	80
49	88	1500	125
49	89	1500	125
49	90	1000	100
49	91	1000	75
49	69	1000	125
49	70	1000	100
49	65	1000	100
49	66	1900	170
50	76	100	50
50	88	1500	125
50	89	1500	125
50	90	1000	100
50	91	1000	100
50	69	1900	150
50	70	1000	150
50	65	1000	100
50	66	1000	100
51	69	1000	170
51	80	500	120
51	63	900	170
51	70	2400	100
51	65	1000	120
51	66	3000	120
51	60	100	50
51	61	100	50
51	93	1000	120
52	64	2975	105
52	73	2300	90
52	94	2975	105
52	95	500	90
52	96	50	90
52	97	50	90
52	98	1000	90
52	99	50	90
52	100	50	100
52	102	50	100
53	98	50	150
53	99	50	50
53	100	50	50
53	102	50	50
53	88	2250	125
53	89	2250	125
53	90	800	100
53	91	500	100
53	69	1000	150
53	70	3000	100
54	78	0	5
54	77	0	5
54	60	250	75
54	61	250	75
54	72	250	75
54	71	250	75
54	91	1500	100
54	69	2000	150
54	80	1500	150
54	68	2000	145
54	93	2000	145
55	98	200	150
55	99	100	100
55	100	100	100
55	102	100	100
55	88	2950	75
55	89	2950	75
55	90	1200	100
55	91	200	100
55	69	200	100
55	70	2000	100
56	101	100	100
56	82	1000	100
56	83	1000	100
56	84	1000	100
56	85	1000	100
56	86	1000	100
56	88	1700	100
56	89	1700	100
56	93	1500	200
57	64	3000	150
57	73	900	150
57	94	1500	100
57	95	200	100
57	88	2000	100
57	89	2000	100
57	98	200	100
57	99	100	100
57	100	100	100
58	64	2000	100
58	73	1000	100
58	94	1500	125
58	95	250	75
58	88	1000	125
58	89	1000	125
58	77	750	100
58	78	750	100
58	93	1750	150
59	87	300	100
59	82	1000	100
59	83	1000	100
59	84	1000	100
59	85	1000	100
59	86	1000	100
59	69	950	100
59	70	1500	100
59	65	750	100
59	66	1500	100
60	73	1000	100
60	74	1700	150
60	94	1500	100
60	87	200	100
60	76	200	100
60	95	200	100
60	69	1500	150
60	70	1500	100
60	67	2000	100
61	74	1000	100
61	75	1000	100
61	62	1300	80
61	63	500	100
61	64	800	80
61	65	1000	100
61	66	800	80
61	67	1700	130
61	68	1700	130
61	60	100	50
61	61	100	50
62	65	1000	150
62	69	500	150
62	70	2000	175
62	66	2400	175
62	71	50	50
62	72	50	50
62	73	1000	100
62	74	1500	75
62	75	1500	75
63	76	200	90
63	77	500	100
63	78	500	100
63	79	1000	130
63	80	1500	80
63	69	500	150
63	70	2300	100
63	65	1000	150
63	66	2500	100
64	81	100	75
64	82	500	100
64	83	500	100
64	84	500	100
64	85	800	100
64	86	1000	100
64	69	100	100
64	70	3000	150
64	65	1000	75
64	66	2500	150
65	87	200	100
65	88	1500	125
65	89	1800	125
65	90	1500	100
65	91	500	150
65	69	1000	100
65	70	1000	100
65	65	1000	100
65	66	1500	100
66	87	200	50
66	91	500	100
66	82	1000	120
66	83	1000	120
66	84	1000	120
66	85	1000	120
66	86	2000	120
66	89	1650	125
66	88	1650	125
67	60	100	100
67	61	100	100
67	62	3000	100
67	63	1000	200
67	64	1800	200
67	65	2000	200
67	66	2000	100
68	87	500	100
68	88	1500	125
68	89	1500	125
68	90	1500	100
68	91	500	100
68	69	1000	100
68	70	1500	100
68	65	1000	150
68	66	1000	100
69	92	100	80
69	88	1500	125
69	89	1500	125
69	90	1000	100
69	91	1000	75
69	69	1000	125
69	70	1000	100
69	65	1000	100
69	66	1900	170
70	76	100	50
70	88	1700	125
70	89	1700	125
70	90	1000	100
70	91	1000	100
70	69	1500	125
70	70	1000	175
70	65	1000	100
70	66	1000	100
71	69	600	120
71	80	500	120
71	63	500	100
71	70	2400	100
71	65	1000	120
71	66	3400	220
71	60	100	50
71	61	100	50
71	93	1000	120
72	64	3450	200
72	73	1500	100
72	94	3000	100
72	95	100	100
72	96	100	50
72	97	100	50
72	98	1000	100
72	99	250	100
72	100	250	100
72	102	250	100
73	98	50	150
73	99	50	50
73	100	50	50
73	102	50	50
73	88	2250	125
73	89	2250	125
73	90	800	100
73	91	500	100
73	69	1000	125
73	70	3000	125
74	60	100	50
74	61	100	50
74	72	100	75
74	71	100	75
74	91	1300	100
74	69	1500	100
74	80	1500	100
74	68	2000	300
74	93	2300	150
75	98	200	150
75	99	100	100
75	100	100	100
75	102	100	100
75	88	2950	75
75	89	2950	75
75	90	1200	100
75	91	200	100
75	69	200	100
75	70	2000	100
76	101	100	50
76	82	1000	100
76	83	1000	100
76	84	1000	100
76	85	1000	100
76	86	1000	100
76	88	1750	100
76	89	1750	100
76	93	1400	250
77	64	3000	100
77	73	600	100
77	94	1500	100
77	95	500	150
77	88	2000	100
77	89	2000	100
77	98	200	150
77	99	100	100
77	100	100	100
78	64	2000	100
78	73	1000	75
78	94	1500	75
78	95	750	150
78	88	1000	125
78	89	1000	125
78	77	500	100
78	78	500	100
78	93	1750	150
79	87	100	50
79	82	1000	100
79	83	1000	100
79	84	1000	100
79	85	1000	100
79	86	1000	100
79	69	650	100
79	70	2000	150
79	65	750	100
79	66	1500	100
80	73	1000	100
80	74	1700	150
80	94	1500	100
80	87	100	50
80	76	100	50
80	95	200	50
80	69	1500	150
80	70	1700	200
80	67	2200	150
