NpcTemplateName	RevivalName	CorpseType	AIType	AIInterval	Level	Life	WalkSpeed	AttackSeries	DefenceSeries	AttackRate	DodgeRate	AttackSpeed	PhysicalAttackMin	PhysicalAttackMax	PhysicalDefencePercent	PhysicalDefence	MagicAttackMin	MagicAttackMax	MagicDefencePercent	MagicDefence	SkillID_1	SkillLevel_1	SkillRate_1	SkillID_2	SkillLevel_2	SkillRate_2	SkillID_3	SkillLevel_3	SkillRate_3	SkillID_4	SkillLevel_4	SkillRate_4	PctCriticalPoint	PctCriticalDamage	PctDefCriticalPoint	PctDefCriticalDamage
Sãi xļm	Sãi xļm	0	1	6	1	160000	10	0	0	200	80	18	22	45	30	50	0	0	30	50	701	2	100	719	4	0	719	6	0	777	3		100	100	100	100
Sãi xanh	Sãi xanh	0	1	6	1	144000	11	0	0	220	88	16	0	0	27	45	25	51	27	45	703	2	100	719	4	0	719	6	0	777	3		100	100	100	100
Sãi ŪiŠn	Sãi ŪiŠn	0	1	6	1	160000	10	0	0	200	80	18	22	45	30	50	0	0	30	50	701	2	100	719	4	0	719	6	0	777	3		100	100	100	100
Thá trūng	Thá rõng	0	1	6	1	64000	17	0	0	200	160	9	12	24	10	10	0	0	10	10	701	2	100	719	4	0	719	6	0	777	3		100	100	100	100
Thá xļm	Thá xļm	0	1	6	1	80000	14	0	0	200	140	9	0	0	10	10	13	27	10	10	703	2	100	719	4	0	719	6	0	777	3		100	100	100	100
M· HĮu	M· HĮu	0	1	6	1	96000	11	0	0	400	104	9	12	24	15	25	0	0	24	40	701	2	100	719	4	0	719	6	0	777	3		100	100	100	100
Th­Žng ViŠn	Th­Žng ViŠn	0	1	6	1	96000	10	0	0	320	96	10	0	0	21	35	16	33	24	40	703	2	100	719	4	0	719	6	0	777	3		100	100	100	100
Hå Ly	Hå Ly	0	1	6	1	144000	12	0	0	240	128	15	16	33	27	45	0	0	21	35	701	2	100	719	4	0	719	6	0	777	3		100	100	100	100
YŠu Hå 2	Linh Hå	0	1	6	1	128000	13	0	0	240	144	15	0	0	21	35	18	36	24	40	703	2	100	719	4	0	719	6	0	777	3		100	100	100	100
NgĐn Hå	NgĐn Hå	0	1	6	1	112000	14	0	0	240	160	15	21	42	21	35	0	0	21	35	701	2	100	719	4	0	719	6	0	777	3		100	100	100	100
Thųc NhĐn Thķo	Thųc NhĐn Thķo	0	1	6	1	160000	10	0	0	200	0	18	0	0	10	90	30	60	10	90	704	2	100	719	4	0	719	6	0	777	3		100	100	100	100
Ng­ Quļi1	§Ŧng Hķi Thņy Téc	0	1	6	1	176000	10	0	0	160	80	18	25	51	12	90	0	0	12	90	701	2	100	719	4	0	719	6	0	777	3		100	100	100	100
Ng­ Quļi2	§Ŧng Hķi Thņy Téc Binh sÜ	0	1	6	1	176000	10	0	0	180	60	18	27	54	12	90	0	0	12	90	701	2	100	719	4	0	719	6	0	777	3		100	100	100	100
TuyÕt Quļi1	TuyÕt Quļi	0	1	6	1	192000	10	0	0	160	40	24	0	0	15	100	22	45	15	100	703	2	100	719	4	0	719	6	0	777	3		100	100	100	100
TuyÕt Quļi3	BĻng Quļi	0	1	6	1	192000	10	0	0	160	40	24	0	0	15	100	22	45	15	100	703	2	100	719	4	0	719	6	0	777	3		100	100	100	100
TiÓu D· tr­	Heo rõng	0	1	6	1	320000	10	0	0	160	24	22	30	60	45	25	0	0	45	25	701	2	100	719	4	0	719	6	0	777	3		100	100	100	100
Hūc Tinh Tinh	Hūc Tinh Tinh	0	1	6	1	320000	10	0	0	200	40	20	0	0	50	10	30	60	50	10	703	2	100	719	4	0	719	6	0	777	3		100	100	100	100
D· Mao T­îng	D· Mao T­îng	0	1	6	1	384000	10	0	0	140	0	24	0	0	65	10	34	69	65	10	703	2	100	719	4	0	719	6	0	777	3		100	100	100	100
Mao Ng­u	Mao Ng­u	0	1	6	1	352000	10	0	0	160	8	24	31	63	60	15	0	0	60	15	701	2	100	719	4	0	719	6	0	777	3		100	100	100	100
GĘu xļm	GĘu xļm	0	1	6	1	352000	10	0	0	140	8	24	36	72	60	10	0	0	60	10	701	2	100	719	4	0	719	6	0	777	3		100	100	100	100
Nh·n kÝnh xĩ	Nh·n KÝnh Xĩ	0	1	6	1	96000	12	0	0	300	120	13	40	81	18	20	0	0	18	20	701	2	100	719	4	0	719	6	0	777	3		100	100	100	100
RÕt Ūéc	RÕt Ūéc	0	1	6	1	96000	11	0	0	260	120	13	0	0	20	20	40	81	20	20	703	2	100	719	4	0	719	6	0	777	3		100	100	100	100
NhÖn	NhÖn	0	1	6	1	96000	12	0	0	280	140	12	0	0	15	20	39	78	15	20	703	2	100	719	4	0	719	6	0	777	3		100	100	100	100
Cãc1	Cãc Ūéc	0	1	6	1	96000	10	0	0	300	120	14	0	0	21	30	39	78	21	30	703	2	100	719	4	0	719	6	0	777	3		100	100	100	100
Bß cđp	Bß cđp	0	1	6	1	96000	12	0	0	280	120	13	40	81	30	35	0	0	30	35	701	2	100	719	4	0	719	6	0	777	3		100	100	100	100
Tö Dđ Hæ	Tö Dđ Hæ	0	1	6	1	208000	17	0	0	300	80	12	0	0	15	20	40	81	15	20	703	2	100	719	4	0	719	6	0	777	3		100	100	100	100
Hæ	Hæ	0	1	6	1	240000	14	0	0	240	56	15	45	90	21	25	0	0	21	25	701	2	100	719	4	0	719	6	0	777	3		100	100	100	100
Quđ §en	Quđ §en	0	1	6	1	128000	22	0	0	220	80	15	21	42	21	35	0	0	21	35	701	2	100	719	4	0	719	6	0	777	3		100	100	100	100
ļc lĩ	ļc Lĩ	0	1	6	1	144000	22	0	0	240	60	18	0	0	15	20	22	45	15	20	703	2	100	719	4	0	719	6	0	777	3		100	100	100	100
DŽi Ūéc	DŽi Ūéc	0	1	6	1	112000	19	0	0	200	80	16	31	63	15	20	0	0	15	20	701	2	100	719	4	0	719	6	0	777	3		100	100	100	100
DŽi hót mļu	DŽi hót mļu	0	1	6	1	112000	20	0	0	200	120	15	0	0	21	30	27	54	21	30	703	2	100	719	4	0	719	6	0	777	3		100	100	100	100
Bđch §Įu §iŠu	Bđch §Įu §iŠu	0	1	6	1	160000	18	0	0	240	60	18	27	54	28	40	0	0	28	40	701	2	100	719	4	0	719	6	0	777	3		100	100	100	100
Trïng Quļi1	Trïng Quļi	0	1	6	1	192000	19	0	0	220	40	18	0	0	21	35	27	54	27	45	703	2	100	719	4	0	719	6	0	777	3		100	100	100	100
Trïng Quļi2	Trïng Quļi V­Žng	0	1	6	1	208000	17	0	0	200	32	22	0	0	21	35	30	60	27	45	703	2	100	719	4	0	719	6	0	777	3		100	100	100	100
Muįi Ūéc	Muįi Ūéc	0	1	6	1	96000	19	0	0	200	120	12	0	0	15	10	16	33	15	10	703	2	100	719	4	0	719	6	0	777	3		100	100	100	100
§éc Giļp Trïng	§éc Giļp Trïng	0	1	6	1	104000	19	0	0	200	60	18	0	0	21	30	18	36	21	30	703	2	100	719	4	0	719	6	0	777	3		100	100	100	100
ThiÕt Giļp	ThiÕt Giļp Trïng	0	1	6	1	112000	19	0	0	200	100	18	13	27	24	35	0	0	24	35	701	2	100	719	4	0	719	6	0	777	3		100	100	100	100
Kim Giļp	ThiÕt Giļp trïng	0	1	6	1	112000	20	0	0	200	140	15	16	33	21	35	0	0	21	35	701	2	100	719	4	0	719	6	0	777	3		100	100	100	100
Ong vĩng	Ngäc phong	0	1	6	1	96000	22	0	0	200	140	12	0	0	10	10	13	27	10	10	703	2	100	719	4	0	719	6	0	777	3		100	100	100	100
Ong vĩng	Ong vĩng	0	1	6	1	96000	20	0	0	200	160	15	13	27	18	25	0	0	18	25	701	2	100	719	4	0	719	6	0	777	3		100	100	100	100
Ong Ūéc	Ong Ūéc	0	1	6	1	96000	22	0	0	200	140	18	0	0	15	20	16	33	15	20	703	2	100	719	4	0	719	6	0	777	3		100	100	100	100
Cļ sĘu1	Cļ sĘu	0	1	6	1	256000	10	0	0	160	16	22	31	63	39	50	0	0	39	50	701	2	100	719	4	0	719	6	0	777	3		100	100	100	100
§éc TÝch	Cų §éc TÝch	0	1	6	1	240000	10	0	0	160	24	22	0	0	33	50	36	72	33	50	703	2	100	719	4	0	719	6	0	777	3		100	100	100	100
Thô Quļi1	Thô Quļi	0	1	6	1	288000	10	0	0	160	0	24	0	0	39	50	27	54	39	50	704	2	100	719	4	0	719	6	0	777	3		100	100	100	100
Cļ sĘu2	Cļ sĘu biÓn	0	1	6	1	288000	10	0	0	160	16	24	34	69	36	50	0	0	36	50	701	2	100	719	4	0	719	6	0	777	3		100	100	100	100
Háa kú lĐn1	Háa Kú LĐn	0	1	6	1	240000	10	0	0	200	40	18	0	0	30	40	40	81	30	40	634	2	100	719	4	0	719	6	0	777	3		100	100	100	100
Thá Ūen	NguyÖt L­îng Thč	0	1	6	1	160000	18	0	0	240	200	9	0	0	20	20	22	45	20	20	703	2	100	719	4	0	719	6	0	777	3		100	100	100	100
Sãi nĐu	Ęu Lang v­Žng	0	1	6	1	240000	12	0	0	300	120	12	34	69	45	75	0	0	45	75	701	2	100	719	4	0	719	6	0	777	3		100	100	100	100
TiÓu Hūc tr­	D· Tr­ V­Žng	0	1	6	1	400000	10	0	0	180	40	20	40	81	50	100	0	0	50	100	701	2	100	719	4	0	719	6	0	777	3		100	100	100	100
Hoĩng Hæ V­Žng	Hoĩng Hæ V­Žng	0	1	6	1	320000	14	0	0	300	96	10	57	114	36	60	0	0	36	60	701	2	100	719	4	0	719	6	0	777	3		100	100	100	100
L­u Manh	L­u Manh	1	1	6	1	156000	10	0	0	200	80	18	30	60	20	20	0	0	20	20	701	2	100	701	3	0	701	4	0	777	2		100	100	100	100
CŦn Ūå	CŦn Ūå	1	1	6	1	172000	10	0	0	200	72	20	33	66	20	20	0	0	20	20	701	2	100	701	3	0	701	4	0	777	2		100	100	100	100
Minh ThĐu	Trém vÆt	1	1	6	1	140800	11	0	0	240	96	16	0	0	18	18	27	54	18	18	703	2	100	703	3	0	703	4	0	777	2		100	100	100	100
ļm TÆc	Phi tÆc	1	1	6	1	140800	12	0	0	240	88	18	30	60	18	18	0	0	18	18	705	2	100	705	3	0	705	4	0	777	2		100	100	100	100
Lé tÆc	Lé tÆc	1	1	6	1	156000	10	0	0	220	72	18	33	66	20	20	0	0	20	20	701	2	100	701	3	0	701	4	0	777	2		100	100	100	100
Thķo KhĘu	Thķo KhĘu	1	1	6	1	140800	10	0	0	180	80	15	30	60	20	20	0	0	20	20	701	2	100	701	3	0	701	4	0	777	2		100	100	100	100
SŽn tÆc	SŽn tÆc	1	1	6	1	172000	10	0	0	180	72	20	30	60	20	22	0	0	20	22	701	2	100	701	3	0	701	4	0	777	2		100	100	100	100
M·ng KhĘu	M·ng KhĘu	1	1	6	1	172000	10	0	0	180	64	20	0	0	24	20	33	66	24	20	703	2	100	703	3	0	703	4	0	777	2		100	100	100	100
L­u KhĘu	L­u KhĘu	1	1	6	1	156000	10	0	0	180	72	18	33	66	18	24	0	0	18	24	701	2	100	701	3	0	701	4	0	777	2		100	100	100	100
Bļch NhËt TiÔn	Bļch NhËt TiÔn	1	1	6	1	124800	10	0	0	400	48	20	21	42	20	20	0	0	20	20	705	2	100	705	3	0	705	4	0	777	2		100	100	100	100
ThiŠn Ēm TiÔn Thņ	ThiŠn Ēm TiÔn Thņ	1	1	6	1	109600	10	0	0	420	56	15	21	42	16	20	0	0	16	20	705	2	100	705	3	0	705	4	0	777	2		100	100	100	100
Cung LiÖp	Cung LiÖp	1	1	6	1	140800	11	0	0	380	40	20	21	42	20	20	0	0	20	20	705	2	100	705	3	0	705	4	0	777	2		100	100	100	100
Kim tiÔn binh	LiŠu tiÔn binh	1	1	6	1	140800	10	0	0	360	40	20	27	54	26	26	0	0	14	14	705	2	100	705	3	0	705	4	0	777	2		100	100	100	100
Tčng nâ binh	Tčng nâ binh	1	1	6	1	140800	10	0	0	360	40	20	27	54	14	14	0	0	26	26	705	2	100	705	3	0	705	4	0	777	2		100	100	100	100
TiÔn thņ dÞ téc	TiÔn thņ dÞ téc	1	1	6	1	156000	10	0	0	420	40	18	24	48	18	18	0	0	18	18	705	2	100	705	3	0	705	4	0	777	2		100	100	100	100
Cung thņ ngođi téc	Cung thņ ngođi téc	1	1	6	1	140800	10	0	0	420	48	18	24	48	18	18	0	0	18	18	705	2	100	705	3	0	705	4	0	777	2		100	100	100	100
Oa KhĘu3	Hķi TÆc	1	1	6	1	124800	10	0	0	440	56	16	18	36	18	18	0	0	18	18	705	2	100	705	3	0	705	4	0	777	2		100	100	100	100
Th­Žng Khļch	KiÕm Khļch	1	1	6	1	124800	12	0	0	240	88	15	45	90	10	20	0	0	10	20	701	2	100	701	3	0	701	4	0	777	2		100	100	100	100
Nũ kiÕm khļch	Nũ kiÕm khļch	1	1	6	1	109600	11	0	0	260	104	14	45	90	8	20	0	0	8	20	701	2	100	701	3	0	701	4	0	777	2		100	100	100	100
Nũ HiÖp Khļch	Nũ HiÖp Khļch	1	1	6	1	109600	12	0	0	240	96	15	0	0	10	20	45	90	10	20	703	2	100	703	3	0	703	4	0	777	2		100	100	100	100
Nũ KiÕm hĩo	Nũ KiÕm hĩo	1	1	6	1	124800	11	0	0	240	80	16	0	0	12	20	48	96	12	20	703	2	100	703	3	0	703	4	0	777	2		100	100	100	100
Mé TuyÕt KiÕm Khļch	Mé TuyÕt KiÕm Khļch	1	1	6	1	124800	12	0	0	220	80	16	48	96	12	20	0	0	12	20	701	2	100	701	3	0	701	4	0	777	2		100	100	100	100
KiÕm Sļt	KiÕm Sļt	1	1	6	1	140800	11	0	0	240	72	15	48	96	14	20	0	0	8	20	701	2	100	701	3	0	701	4	0	777	2		100	100	100	100
KiÕm Cuång	KiÕm Cuång	1	1	6	1	140800	11	0	0	240	72	15	48	96	8	20	0	0	14	20	701	2	100	701	3	0	701	4	0	777	2		100	100	100	100
HuyŌn Vâ KiÕm	HuyŌn Vâ KiÕm	1	1	6	1	93600	13	0	0	260	96	18	0	0	8	20	51	102	8	20	703	2	100	703	3	0	703	4	0	777	2		100	100	100	100
KiÕm Tĩ	KiÕm Tĩ	1	1	6	1	109600	13	0	0	200	80	13	0	0	10	20	48	96	10	20	703	2	100	703	3	0	703	4	0	777	2		100	100	100	100
Phķn QuĐn tuĮn la	Phķn QuĐn tuĮn la	1	1	6	1	109600	13	0	0	200	96	13	42	84	8	20	0	0	8	20	701	2	100	701	3	0	701	4	0	777	2		100	100	100	100
Phķn quĐn vÖ binh	VÖ sÜ phķn quĐn	1	1	6	1	124800	11	0	0	240	80	15	45	90	14	20	0	0	14	20	701	2	100	701	3	0	701	4	0	777	2		100	100	100	100
Th­Žng Tĩ	Hūc Phong KiÕm Khļch	1	1	6	1	156000	11	0	0	220	64	16	0	0	14	20	45	90	14	20	703	2	100	703	3	0	703	4	0	777	2		100	100	100	100
§ao Sļt	§ao HiÖp	1	1	6	1	172000	10	0	0	240	48	22	54	108	20	16	0	0	20	16	701	2	100	701	3	0	701	4	0	777	2		100	100	100	100
§ao TuyÖt	§ao TuyÖt	1	1	6	1	156000	10	0	0	240	56	20	54	108	18	16	0	0	18	16	701	2	100	701	3	0	701	4	0	777	2		100	100	100	100
KiÕm TuyÖt	§ao V­Žng	1	1	6	1	187200	10	0	0	220	48	20	0	0	18	16	57	114	18	16	703	2	100	703	3	0	703	4	0	777	2		100	100	100	100
§ao Khļch	§ao Khļch	1	1	6	1	156000	10	0	0	240	64	20	51	102	18	16	0	0	18	16	701	2	100	701	3	0	701	4	0	777	2		100	100	100	100
HuyŌn Vâ §ao	HuyŌn Vâ §ao	1	1	6	1	140800	11	0	0	260	56	20	0	0	14	16	63	126	14	16	703	2	100	703	3	0	703	4	0	777	2		100	100	100	100
Xi Háa §ao Khļch	Xi Háa §ao Khļch	1	1	6	1	156000	10	0	0	220	40	22	0	0	22	16	57	114	22	16	703	2	100	703	3	0	703	4	0	777	2		100	100	100	100
Kim Ūao binh	LiŠu Ūao binh	1	1	6	1	187200	10	0	0	240	32	24	54	108	30	16	0	0	16	16	701	2	100	701	3	0	701	4	0	777	2		100	100	100	100
Tčng Ūao binh	Tčng Ūao binh	1	1	6	1	187200	10	0	0	240	32	24	54	108	16	16	0	0	30	16	701	2	100	701	3	0	701	4	0	777	2		100	100	100	100
§·ng §ao Khļch	§·ng §ao Khļch	1	1	6	1	140800	10	0	0	260	64	18	54	108	16	16	0	0	16	16	701	2	100	701	3	0	701	4	0	777	2		100	100	100	100
Hoang mđc Ūao khļch	Hoang mđc Ūao khļch	1	1	6	1	140800	11	0	0	240	72	18	0	0	16	16	51	102	16	16	703	2	100	703	3	0	703	4	0	777	2		100	100	100	100
MiŠu LÜnh Thæ ty	MiŠu LÜnh Thæ ty	1	1	6	1	156000	11	0	0	220	72	18	0	0	18	16	60	120	18	16	703	2	100	703	3	0	703	4	0	777	2		100	100	100	100
TrŨ §ao Hé VÖ	TrŨ §ao Hé VÖ	1	1	6	1	187200	10	0	0	260	48	20	54	108	24	16	0	0	24	16	701	2	100	701	3	0	701	4	0	777	2		100	100	100	100
Oa KhĘu4	Oa Qučc L·ng NhĐn	1	1	6	1	124800	11	0	0	260	48	22	60	120	18	16	0	0	18	16	701	2	100	701	3	0	701	4	0	777	2		100	100	100	100
Oa KhĘu1	Oa Qučc §ao khļch	1	1	6	1	156000	10	0	0	240	48	24	57	114	20	16	0	0	20	16	701	2	100	701	3	0	701	4	0	777	2		100	100	100	100
Mé TuyÕt Th­Žng Khļch	Mé TuyÕt Th­Žng Khļch	1	1	6	1	140800	11	0	0	160	64	10	30	60	16	20	0	0	16	20	701	2	100	701	3	0	701	4	0	777	2		100	100	100	100
Th­Žng khļch trung cĘp	Danh Th­Žng HiÖp	1	1	6	1	124800	13	0	0	200	72	9	0	0	14	18	27	54	14	18	703	2	100	703	3	0	703	4	0	777	2		100	100	100	100
Tčng th­Žng quĐn	Tčng quĐn tö sÜ	1	1	6	1	172000	10	0	0	140	48	11	36	72	10	20	0	0	26	20	701	2	100	701	3	0	701	4	0	777	2		100	100	100	100
Kim th­Žng quĐn	LiŠu th­Žng quĐn	1	1	6	1	172000	10	0	0	140	48	11	36	72	26	20	0	0	10	20	701	2	100	701	3	0	701	4	0	777	2		100	100	100	100
TrŨ MĐu Hé VÖ	TrŨ MĐu Hé VÖ	1	1	6	1	187200	10	0	0	160	40	10	0	0	26	20	33	66	26	20	703	2	100	703	3	0	703	4	0	777	2		100	100	100	100
Th­Žng Cuång	Th­Žng ThĮn	1	1	6	1	156000	11	0	0	180	48	9	0	0	14	18	36	72	14	18	703	2	100	703	3	0	703	4	0	777	2		100	100	100	100
MiŠu téc thiÕu nũ1	ThiÕu nũ Ī MŦng Bé	1	1	6	1	93600	16	0	0	320	128	11	18	36	12	12	0	0	12	12	705	2	100	705	3	0	705	4	0	777	2		100	100	100	100
PhiŠn Di TiŠu Thņ	Ī MŦng Téc NhĐn	1	1	6	1	109600	13	0	0	320	112	12	24	48	14	12	0	0	14	12	701	2	100	701	3	0	701	4	0	777	2		100	100	100	100
PhiŠn Di §ao Khļch	Ī MŦng Dōng SÜ	1	1	6	1	109600	13	0	0	340	104	13	27	54	14	12	0	0	14	12	701	2	100	701	3	0	701	4	0	777	2		100	100	100	100
MiŠu LÜnh TuĮn Trđi	MiŠu LÜnh TuĮn Trđi	1	1	6	1	124800	16	0	0	260	100	12	18	36	16	20	0	0	16	20	701	2	100	701	3	0	701	4	0	777	2		100	100	100	100
MiŠu LÜnh Hé Ęn	MiŠu LÜnh Hé Ęn	1	1	6	1	140800	12	0	0	240	80	15	0	0	20	20	21	42	20	20	703	2	100	703	3	0	703	4	0	777	2		100	100	100	100
MiŠu LÜnh Phu nhĐn	MiŠu LÜnh Phu nhĐn	1	1	6	1	124800	14	0	0	280	120	13	0	0	12	15	24	48	12	15	703	2	100	703	3	0	703	4	0	777	2		100	100	100	100
HŨnh nhĐn	KhŦi Lįi §éc nhĐn	1	1	6	1	187200	10	0	0	200	40	18	0	0	25	40	37	75	25	40	703	2	100	703	3	0	703	4	0	777	2		100	100	100	100
Vâ §đi Lang-bŨnh th­ęng	Ng­ęi lïn	1	1	6	1	156000	10	0	0	120	96	9	33	66	20	16	0	0	20	16	701	2	100	701	3	0	701	4	0	777	2		100	100	100	100
Bļt Phô Hĩ §Ŧng S­	Bļt Phô Hĩ §Ŧng S­	1	1	6	1	140800	10	0	0	100	88	10	0	0	20	18	36	72	20	18	703	2	100	703	3	0	703	4	0	777	2		100	100	100	100
LiÖp Hé	LiÖp Hé	1	1	6	1	187200	12	0	0	240	80	24	21	42	14	26	0	0	14	26	701	2	100	701	3	0	701	4	0	777	2		100	100	100	100
Hæ Y NhĐn	Hæ Y NhĐn	1	1	6	1	218400	10	0	0	220	72	24	27	54	14	26	0	0	14	26	701	2	100	701	3	0	701	4	0	777	2		100	100	100	100
Quan sø	Quan sø	1	1	6	1	124800	10	0	0	360	88	16	27	54	14	20	0	0	14	20	701	2	100	701	3	0	701	4	0	777	2		100	100	100	100
Bé khoļi	Bé khoļi	1	1	6	1	140800	10	0	0	340	80	18	30	60	16	20	0	0	16	20	701	2	100	701	3	0	701	4	0	777	2		100	100	100	100
MËt thļm	MËt thļm	1	1	6	1	124800	10	0	0	400	96	15	0	0	12	18	24	48	12	18	703	2	100	703	3	0	703	4	0	777	2		100	100	100	100
ThiŠn Lý TiŠu	ThiŠn Lý TiŠu	1	1	6	1	109600	18	0	0	220	96	18	36	72	14	16	0	0	14	16	701	2	100	701	3	0	701	4	0	777	2		100	100	100	100
ThÝch Khļch2	§Þa Sļt	1	1	6	1	124800	17	0	0	240	104	20	39	78	14	14	0	0	14	14	701	2	100	701	3	0	701	4	0	777	2		100	100	100	100
ThÝch Khļch1	ThiŠn Sļt	1	1	6	1	93600	19	0	0	240	112	18	0	0	10	14	42	84	10	14	703	2	100	703	3	0	703	4	0	777	2		100	100	100	100
Tĩ TĻng	Tĩ TĻng	1	1	6	1	234400	10	0	0	160	32	22	0	0	28	16	45	90	28	16	703	2	100	703	3	0	703	4	0	777	2		100	100	100	100
ThiŠn TĮm Vâ TĻng	ThiŠn TĮm Vâ TĻng	1	1	6	1	187200	11	0	0	200	24	15	52	105	20	20	0	0	20	20	701	2	100	701	3	0	701	4	0	777	2		100	100	100	100
ThiŠn TĮm Phļp TĻng	ThiŠn TĮm Phļp TĻng	1	1	6	1	203200	10	0	0	200	40	16	0	0	28	20	48	96	28	20	703	2	100	703	3	0	703	4	0	777	2		100	100	100	100
Ma Ni TĻng	Ma Ni TĻng	1	1	6	1	218400	10	0	0	200	24	16	0	0	24	20	51	102	24	20	703	2	100	703	3	0	703	4	0	777	2		100	100	100	100
§ĩ La Ni TĻng	§ĩ La Ni TĻng	1	1	6	1	203200	10	0	0	200	32	13	0	0	20	20	49	99	20	20	703	2	100	703	3	0	703	4	0	777	2		100	100	100	100
ThiŠn Ēm Vâ SÜ	ThiŠn Ēm Vâ SÜ	1	1	6	1	218400	10	0	0	140	48	18	42	84	26	16	0	0	26	16	701	2	100	701	3	0	701	4	0	777	2		100	100	100	100
Vâ sÜ dÞ téc	Vâ sÜ dÞ téc	1	1	6	1	249600	10	0	0	180	24	24	48	96	30	14	0	0	30	14	701	2	100	701	3	0	701	4	0	777	2		100	100	100	100
Sļt thņ ngođi téc	Sļt thņ ngođi téc	1	1	6	1	265600	10	0	0	140	24	20	48	96	28	14	0	0	28	14	701	2	100	701	3	0	701	4	0	777	2		100	100	100	100
Xi Háa giļo Ūå	Xi Háa giļo Ūå	1	1	6	1	156000	10	0	0	240	80	15	39	78	24	12	0	0	24	12	701	2	100	701	3	0	701	4	0	777	2		100	100	100	100
Xi Háa Hūc giļo Ūå	Xi Háa Hūc giļo Ūå	1	1	6	1	172000	11	0	0	200	56	18	42	84	28	12	0	0	28	12	701	2	100	701	3	0	701	4	0	777	2		100	100	100	100
Xi Háa Bđch giļo Ūå	Xi Háa Bđch giļo Ūå	1	1	6	1	140800	12	0	0	260	88	16	0	0	20	12	40	81	20	12	703	2	100	703	3	0	703	4	0	777	2		100	100	100	100
Xi Háa XÝch giļo Ūå	Xi Háa XÝch giļo Ūå	1	1	6	1	156000	11	0	0	180	48	18	0	0	24	12	46	93	24	12	703	2	100	703	3	0	703	4	0	777	2		100	100	100	100
Xi Háa sø giķ	Xi Háa sø giķ	1	1	6	1	156000	12	0	0	180	72	18	40	81	20	12	0	0	20	12	701	2	100	701	3	0	701	4	0	777	2		100	100	100	100
Xi Háa hé phļp	Xi Háa hé phļp	1	1	6	1	172000	11	0	0	240	40	20	0	0	24	20	42	84	24	20	703	2	100	703	3	0	703	4	0	777	2		100	100	100	100
Xi Háa tr­ëng l·o	Xi Háa tr­ëng l·o	1	1	6	1	187200	10	0	0	200	56	18	0	0	32	12	39	78	32	12	703	2	100	703	3	0	703	4	0	777	2		100	100	100	100
Xi Háa Ūĩn chņ	Xi Háa Ūĩn chņ	1	1	6	1	172000	10	0	0	200	64	20	0	0	28	20	48	96	28	20	703	2	100	703	3	0	703	4	0	777	2		100	100	100	100
Xi Háa cao thņ	Xi Háa cao thņ	1	1	6	1	218400	10	0	0	200	48	22	51	102	24	14	0	0	24	14	701	2	100	701	3	0	701	4	0	777	2		100	100	100	100
Méc nhĐn	Méc nhĐn	1	1	6	1	265600	10	0	0	180	20	18	0	0	43	50	33	66	43	50	703	2	100	703	3	0	703	4	0	777	2		100	100	100	100
CŽ quan nhĐn1	CŽ quan Méc nhĐn	1	1	6	1	234400	10	0	0	200	30	22	40	81	30	50	0	0	30	50	701	2	100	701	3	0	701	4	0	777	2		100	100	100	100
§ång nhĐn	§ång nhĐn	1	1	6	1	280800	10	0	0	180	20	20	0	0	45	50	36	72	45	50	703	2	100	703	3	0	703	4	0	777	2		100	100	100	100
CŽ quan nhĐn2	CŽ quan §ång nhĐn	1	1	6	1	249600	10	0	0	200	30	24	42	84	30	50	0	0	30	50	701	2	100	701	3	0	701	4	0	777	2		100	100	100	100
Thđch NhĐn1	Thđch ŪĮu nhĐn	1	1	6	1	312000	10	0	0	160	0	36	37	75	50	50	0	0	50	50	701	2	100	701	3	0	701	4	0	777	2		100	100	100	100
TiŠn Nũ1	BĻng TĐm Nũ	1	1	6	1	187200	12	0	0	200	96	16	0	0	18	18	36	72	18	18	703	2	100	703	3	0	703	4	0	777	2		100	100	100	100
Nũ TiŠu tiŠn	TiŠu TiŠn Tö	1	1	6	1	187200	12	0	0	260	104	16	39	78	18	18	0	0	18	18	701	2	100	701	3	0	701	4	0	777	2		100	100	100	100
Nũ Tú Bĩ tiŠn	Tú Bĩ TiŠn Tö	1	1	6	1	172000	13	0	0	240	112	15	0	0	18	18	33	66	18	18	703	2	100	703	3	0	703	4	0	777	2		100	100	100	100
Nũ tķn tiŠn	Tķn TiŠn Tö	1	1	6	1	203200	12	0	0	220	88	18	0	0	22	20	36	72	22	20	703	2	100	703	3	0	703	4	0	777	2		100	100	100	100
Nũ cĮm tiŠn	CĮm TiŠn Tö	1	1	6	1	187200	13	0	0	220	104	14	0	0	18	18	36	72	18	18	703	2	100	703	3	0	703	4	0	777	2		100	100	100	100
Nũ §Þch tiŠn	§Þch tiŠn Tö	1	1	6	1	203200	12	0	0	240	96	16	42	84	18	18	0	0	18	18	701	2	100	701	3	0	701	4	0	777	2		100	100	100	100
Nũ KiÕm tiŠn	KiÕm tiŠn Tö	1	1	6	1	187200	12	0	0	240	96	15	36	72	22	22	0	0	22	22	701	2	100	701	3	0	701	4	0	777	2		100	100	100	100
Tĩ TiŠn NhĐn	NgŦ ViÖt L·o Tæ	1	1	6	1	312000	18	0	0	400	160	12	0	0	15	20	45	90	15	20	634	12	100	703	3	0	703	4	0	777	2		100	100	100	100
SŽn TÆc §Įu Môc	Būc Lôc LĐm Minh Chņ	1	1	6	1	390400	13	0	0	320	88	14	54	108	24	30	0	0	24	30	624	12	100	701	3	0	701	4	0	777	2		100	100	100	100
HuyŌn Vâ Th­ong	Th­Žng ThĮn Doanh ThiŠn	1	1	6	1	312000	16	0	0	360	120	12	60	120	20	26	0	0	20	26	624	12	100	701	3	0	701	4	0	777	2		100	100	100	100
Ēm Hån2	Oan Hån	2	1	6	1	192000	17	0	0	300	120	12	0	0	65	30	67	135	65	30	634	12	100	616	3	0	601	1	0	777	2		100	100	100	100
NghiÖt Hån	L·nh H­Žng LĻng	1	1	6	1	240000	20	0	0	400	160	9	0	0	50	50	75	150	50	50	634	12	100	616	3	0	601	1	0	777	2		100	100	100	100
Quû T­íng QuĐn	§Þa Ngôc Thi V­Žng	2	2	6	1	40000000	10	0	0	10000	0	18	1	1	0	0	1	1	0	0	557	1	100							635	20		100	100	100	100
Ng­ęi cĐy	Ng­ęi cĐy	0	1	6	1	288000	10	0	0	160	0	24	0	0	40	50	31	63	40	50	704	2	100	719	4	0	719	6	0	777	3		100	100	100	100
YŠu Hå3	XÝch LuyÖn Háa Hå	0	1	6	1	176000	17	0	0	300	80	15	40	81	25	25	0	0	25	25	701	2	100	719	4	0	719	6	0	777	3		100	100	100	100
Phi ThiŠn3	LiÖt Nhan Li Long	0	1	6	1	256000	12	0	0	200	40	18	0	0	35	45	39	78	35	45	634	2	100	719	4	0	719	6	0	777	3		100	100	100	100
Sa Mđc Hĩnh NhĐn	Sa Mđc Hĩnh NhĐn	1	1	6	1	156000	12	0	0	240	64	18	30	60	22	20	0	0	22	20	701	2	100	701	3	0	701	4	0	777	2		100	100	100	100
KÎ Ūĩo mé	KÎ Ūĩo mé	1	1	6	1	161600	10	0	0	180	72	20	30	60	20	20	0	0	20	20	701	2	100	701	3	0	701	4	0	777	2		100	100	100	100
§äat Bķo NhĐn	§äat Bķo NhĐn	1	1	6	1	172000	10	0	0	220	80	18	0	0	24	20	33	66	24	20	703	2	100	703	3	0	703	4	0	777	2		100	100	100	100
Hång bĩo sø giķ3	TĐy Vųc LiÖt Phô	1	1	6	1	135200	10	0	0	440	52	12	21	42	14	20	0	0	14	20	705	2	100	705	3	0	705	4	0	777	2		100	100	100	100
Cao thņ quan ngođi	Cao thņ quan ngođi	1	1	6	1	166400	13	0	0	200	70	15	45	90	14	20	0	0	14	20	701	2	100	701	3	0	701	4	0	777	2		100	100	100	100
Tķ hé phļp	YŠu cŽ Ba T­	1	1	6	1	124800	12	0	0	260	130	14	0	0	14	12	18	36	14	12	703	2	100	703	3	0	703	4	0	777	2		100	100	100	100
TĐy Būc Trļng Hļn	TĐy Būc Trļng Hļn	1	1	6	1	260000	10	0	0	120	40	20	36	72	12	14	0	0	12	14	701	2	100	701	3	0	701	4	0	777	2		100	100	100	100
TĐy Būc YŠn Hļn	TĐy Būc YŠn Hļn	1	1	6	1	135200	12	0	0	240	100	18	30	60	20	10	0	0	20	10	701	2	100	701	3	0	701	4	0	777	2		100	100	100	100
TĐy Hđ Vâ SÜ	TĐy Hđ Vâ SÜ	1	1	6	1	228800	10	0	0	200	60	20	0	0	15	15	45	90	20	20	703	2	100	703	3	0	703	4	0	777	2		100	100	100	100
TĐy Hđ Dōng SÜ	TĐy Hđ Dōng SÜ	1	1	6	1	239200	14	0	0	80	40	25	39	78	20	20	0	0	15	15	701	2	100	701	3	0	701	4	0	777	2		100	100	100	100
D­îc NhĐn	D­îc NhĐn	1	1	6	1	312000	10	0	0	60	20	20	22	45	35	30	0	0	35	30	701	2	100	701	3	0	701	4	0	777	2		100	100	100	100
NhĘt PhČm §­ęng MËt Sø	NhĘt PhČm §­ęng MËt Sø	1	1	6	1	124800	18	0	0	200	100	17	37	75	12	10	0	0	12	10	701	2	100	701	3	0	701	4	0	777	2		100	100	100	100
NhĘt PhČm §­ęng ļm Sļy Sø	NhĘt PhČm §­ęng ļm Sļy Sø	1	1	6	1	104000	20	0	0	240	120	15	0	0	10	12	42	84	10	12	703	2	100	703	3	0	703	4	0	777	2		100	100	100	100
Hũu hé phļp	Ēm NhËt Sø 	1	1	6	1	239200	10	0	0	200	64	18	48	96	30	15	0	0	25	15	701	2	100	701	3	0	701	4	0	777	2		100	100	100	100
Hūc bĩo sø giķ1	Minh NhËt Sø	1	1	6	1	239200	10	0	0	200	64	18	0	0	25	15	48	96	30	15	703	2	100	703	3	0	703	4	0	777	2		100	100	100	100
Nam ŪÖ tö1	Gian TÕ Minh giļo	1	1	6	1	208000	10	0	0	200	70	20	45	90	25	20	0	0	25	20	701	2	100	701	3	0	701	4	0	777	2		100	100	100	100
Nam ŪÖ tö2	§Ö Tö Minh giļo	1	1	6	1	176800	10	0	0	240	60	22	0	0	20	25	45	90	20	25	703	2	100	703	3	0	703	4	0	777	2		100	100	100	100
KiÕm t­îng	KiÕm t­îng	1	1	6	1	286400	10	0	0	160	20	22	36	72	40	40	0	0	40	40	701	2	100	701	3	0	701	4	0	777	2		100	100	100	100
Th­Žng t­îng	Th­Žng t­îng	1	1	6	1	291200	10	0	0	160	20	16	33	66	35	55	0	0	35	55	701	2	100	701	3	0	701	4	0	777	2		100	100	100	100
§ång t­îng	§ång t­îng	1	1	6	1	276000	10	0	0	220	26	20	0	0	40	50	37	75	40	50	703	2	100	703	3	0	703	4	0	777	2		100	100	100	100
Cung t­îng	Cung t­îng	1	1	6	1	265600	10	0	0	200	20	18	30	60	40	45	0	0	40	45	701	2	100	701	3	0	701	4	0	777	2		100	100	100	100
