ID	Name	Belong	ProduceGenre	ProduceSub	ProduceDetail	SecProduceGenre	SecProduceSub	SecProduceDetail	SecProduceRate	Stuff1Genre	Stuff1Sub	Stuff1Detail	Stuff1Num	Stuff2Genre	Stuff2Sub	Stuff2Detail	Stuff2Num	Stuff3Genre	Stuff3Sub	Stuff3Detail	Stuff3Num	Stuff4Genre	Stuff4Sub	Stuff4Detail	Stuff4Num	ToolGenre	ToolSub	ToolDetail	ToolNum	NeedMore	Level	StaminaCost	ExpGain	RecipeDetail	MakeTime	EquipType	Identify
1	窝头	2	1	1	1																									0	1	1	0	101	36	0	1
2	军用物资	2	2	97	1					2	0	307	15																	0	1	0	0	101	36	0	1
9	黑钨精石	2	2	2	66					2	2	37	20	2	8	7	5													0	1	0	0	101	36	0	1
10	铁线精木	2	2	2	67					2	2	11	20	2	10	2	5													0	1	0	0	101	36	0	1
11	山狮精皮	2	2	2	68					2	2	47	20	2	9	7	5													0	1	0	0	101	36	0	1
12	赤钨灵符	2	2	2	69					2	1	912	5	2	2	14	5													0	1	0	0	101	36	0	1
13	金创散	2	1	0	2					1	2	8	5																	0	20	2	2	102	36	0	1
14	止血散	2	1	0	3					1	2	2	2	1	2	1	2	1	2	8	1									0	20	2	2	102	36	0	1
15	小还丹	2	1	0	7					1	2	8	2	1	2	1	2													0	20	2	2	102	36	0	1
16	还阳丹	2	1	0	8					1	2	2	2	1	2	1	2	1	2	8	1									0	20	2	2	102	36	0	1
17	清心散	2	1	0	12					1	2	8	2	1	2	1	2	2	2	28	1									0	20	2	2	102	36	0	1
18	益气散	2	1	0	13					1	2	2	2	1	2	1	2	1	2	3	1	2	2	28	1					0	20	2	2	102	36	0	1
19	白日丹	2	1	0	17					1	2	8	2	1	2	1	2	2	2	28	1									0	20	2	2	102	36	0	1
20	全生丹	2	1	0	18					1	2	2	2	1	2	1	2	2	2	28	1									0	20	2	2	102	36	0	1
21	益阳散	2	1	0	22					1	2	8	2	1	2	1	2	2	2	28	1									0	20	2	2	102	36	0	1
22	千金散	2	1	0	23					1	2	2	2	1	2	1	2	2	2	28	1									0	20	2	2	102	36	0	1
23	白云散	2	1	0	4					1	2	3	2	1	2	10	4	1	2	9	2	2	2	28	3					0	50	3	10	103	36	0	1
24	大还丹	2	1	0	9					1	2	3	2	1	2	10	4	1	2	9	2	2	2	28	3					0	50	3	10	103	36	0	1
25	玉灵散	2	1	0	14					1	2	3	2	1	2	10	4	1	2	11	2	2	2	28	3					0	50	3	10	103	36	0	1
26	召魂丹	2	1	0	19					1	2	11	2	1	2	12	2	1	3	11	1	2	131	82	1					0	50	3	10	103	36	0	1
27	补天散	2	1	0	24					1	2	11	2	1	2	12	2	1	3	11	1	2	131	82	1					0	50	3	10	103	36	0	1
28	天香云锦续	2	1	0	5					1	2	4	2	1	2	5	2	1	2	6	1	2	131	82	1					0	70	5	20	104	36	0	1
29	一元复始丹	2	1	0	10					1	2	4	2	1	2	5	2	1	2	6	1	2	131	82	1					0	70	5	20	104	36	0	1
30	五花玉露丸	2	1	0	15					1	2	4	2	1	2	5	2	1	2	6	1	2	131	82	1					0	70	5	20	104	36	0	1
31	渔神役使丹	2	1	0	20					1	2	6	2	1	2	5	2	1	2	9	1	2	131	82	1					0	70	5	20	104	36	0	1
32	七虫七花散	2	1	0	25					1	2	6	2	1	2	4	2	1	2	2	1	2	131	82	1					0	70	5	20	104	36	0	1
33	护心丹	2	1	0	41					1	2	4	2	1	2	5	2	1	2	3	1	2	131	82	1					0	70	5	20	104	36	0	1
34	行气散	2	1	0	44					1	2	4	2	1	2	5	2	1	2	3	1	2	131	82	1					0	70	5	20	104	36	0	1
35	护体丹	2	1	0	54					1	2	4	2	1	2	5	2	1	2	3	1	2	131	82	1					0	70	5	20	104	36	0	1
36	护神丹	2	1	0	55					1	2	4	2	1	2	5	2	1	2	3	1	2	131	82	1					0	70	5	20	104	36	0	1
37	黑玉断续膏	2	1	0	6					1	0	5	1	2	131	82	1													0	90	5	25	105	36	0	1
38	万物归元丹	2	1	0	11					1	0	10	1	2	131	82	1													0	90	5	25	105	36	0	1
39	生生造化散	2	1	0	16					1	0	15	1	2	131	82	1													0	90	5	25	105	36	0	1
40	奔星却月丹	2	1	0	21					1	2	11	4	1	2	10	4	1	3	13	4	2	131	82	1					0	90	5	25	105	36	0	1
41	大日炎阳散	2	1	0	26					1	2	11	4	1	2	10	4	1	3	13	4	2	131	82	1					0	90	5	25	105	36	0	1
42	黄金玉露	2	1	0	276					2	130	24	4	2	130	25	4	1	0	26	10	2	131	82	1					0	90	5	25	105	36	0	1
43	五华聚元散（力量）	2	1	0	261					2	130	24	4	2	130	25	4	1	0	41	12	2	95	1508	1					0	90	5	25	105	36	0	1
44	五华聚元散（内功）	2	1	0	262					2	130	25	4	2	130	26	4	1	0	44	12	2	95	1508	1					0	90	5	25	105	36	0	1
45	五华聚元散（身法）	2	1	0	264					2	130	26	4	2	130	24	4	1	0	54	12	2	95	1508	1					0	90	5	25	105	36	0	1
46	五华聚元散（洞察）	2	1	0	265					2	130	26	4	2	130	24	4	1	0	55	12	2	95	1508	1					0	90	5	25	105	36	0	1
47	九转逍遥丹（力根）甲	2	1	0	277					1	0	261	6	1	0	263	6	2	95	1508	3									0	90	5	25	105	36	0	1
48	九转逍遥丹（力身）甲	2	1	0	278					1	0	261	6	1	0	264	6	2	95	1508	3									0	90	5	25	105	36	0	1
49	九转逍遥丹（力洞）甲	2	1	0	279					1	0	261	6	1	0	265	6	2	95	1508	3									0	90	5	25	105	36	0	1
50	九转逍遥丹（力内）甲	2	1	0	280					1	0	261	6	1	0	262	6	2	95	1508	3									0	90	5	25	105	36	0	1
51	九转逍遥丹（内根）甲	2	1	0	281					1	0	262	6	1	0	263	6	2	95	1508	3									0	90	5	25	105	36	0	1
52	九转逍遥丹（内身）甲	2	1	0	282					1	0	262	6	1	0	264	6	2	95	1508	3									0	90	5	25	105	36	0	1
53	九转逍遥丹（内洞）甲	2	1	0	283					1	0	262	6	1	0	265	6	2	95	1508	3									0	90	5	25	105	36	0	1
54	九转逍遥丹（身根）甲	2	1	0	284					1	0	264	6	1	0	263	6	2	95	1508	3									0	90	5	25	105	36	0	1
55	九转逍遥丹（身洞）甲	2	1	0	285					1	0	264	6	1	0	265	6	2	95	1508	3									0	90	5	25	105	36	0	1
56	九转逍遥丹（洞根）甲	2	1	0	286					1	0	265	6	1	0	263	6	2	95	1508	3									0	90	5	25	105	36	0	1
57	养性修身丸	2	2	111	116					2	95	223	1	2	111	117	1													0	90	5	5	102	36	0	1
58	九转逍遥丹（力根）乙	2	1	0	277					1	0	266	3	2	95	1508	3													0	90	5	25	105	36	0	1
59	九转逍遥丹（力身）乙	2	1	0	278					1	0	267	3	2	95	1508	3													0	90	5	25	105	36	0	1
60	九转逍遥丹（力洞）乙	2	1	0	279					1	0	268	3	2	95	1508	3													0	90	5	25	105	36	0	1
61	九转逍遥丹（力内）乙	2	1	0	280					1	0	269	3	2	95	1508	3													0	90	5	25	105	36	0	1
62	九转逍遥丹（内根）乙	2	1	0	281					1	0	270	3	2	95	1508	3													0	90	5	25	105	36	0	1
63	九转逍遥丹（内身）乙	2	1	0	282					1	0	271	3	2	95	1508	3													0	90	5	25	105	36	0	1
64	九转逍遥丹（内洞）乙	2	1	0	283					1	0	272	3	2	95	1508	3													0	90	5	25	105	36	0	1
65	九转逍遥丹（身根）乙	2	1	0	284					1	0	273	3	2	95	1508	3													0	90	5	25	105	36	0	1
66	九转逍遥丹（身洞）乙	2	1	0	285					1	0	274	3	2	95	1508	3													0	90	5	25	105	36	0	1
67	九转逍遥丹（洞根）乙	2	1	0	286					1	0	275	3	2	95	1508	3													0	90	5	25	105	36	0	1
201	窝头	1	1	1	1																									0	1	1	0	201	36	0	1
202	军用物资	1	2	97	1					2	0	307	15																	0	1	0	0	201	36	0	1
209	黑钨精石	1	2	2	66					2	2	37	20	2	8	7	5													0	1	0	0	201	36	0	1
210	铁线精木	1	2	2	67					2	2	11	20	2	10	2	5													0	1	0	0	201	36	0	1
211	山狮精皮	1	2	2	68					2	2	47	20	2	9	7	5													0	1	0	0	201	36	0	1
212	赤钨灵符	1	2	2	69					2	1	912	5	2	2	14	5													0	1	0	0	201	36	0	1
213	饭团	1	1	1	2					1	3	9	2	2	130	1	4	1	3	8	2									0	20	2	2	202	36	0	1
214	馒头	1	1	1	3					1	3	10	2	1	3	20	2	2	130	2	2	1	3	8	2					0	20	2	2	202	36	0	1
215	素炒竹肉	1	1	1	6					1	3	9	2	1	3	19	2	1	3	8	2									0	20	2	2	202	36	0	1
216	家常四季豆	1	1	1	7					1	3	11	2	1	3	21	2	1	3	8	2									0	20	2	2	202	36	0	1
217	烧刀子	1	1	1	10					1	3	5	2	1	3	19	2	1	3	8	2									0	20	2	2	202	36	0	1
218	女儿红	1	1	1	11					1	3	5	2	1	3	20	2	1	3	19	2	1	3	8	2					0	20	2	2	202	36	0	1
219	花卷	1	1	1	4					1	3	12	2	1	3	22	2	1	3	11	1	1	3	8	2					0	50	3	10	203	36	0	1
220	肉包	1	1	1	5	1	0	411	20	1	3	14	2	1	3	2	2	1	3	3	1	1	3	8	2					0	50	3	10	203	36	0	1
221	炒豌豆角	1	1	1	8					1	3	13	2	1	3	12	4	1	3	8	2									0	50	3	10	203	36	0	1
222	蒜茸生菜	1	1	1	9					1	3	15	2	1	3	14	2	1	3	13	1	1	3	24	2					0	50	3	10	203	36	0	1
223	稻花香	1	1	1	12					1	3	12	2	1	3	22	2	1	3	21	1	1	3	7	2					0	50	3	10	203	36	0	1
224	醉生梦死	1	1	1	13					1	3	14	2	1	3	13	2	1	3	22	1	1	3	7	2					0	50	3	10	203	36	0	1
225	鱼露	1	2	131	9					2	130	4	2	2	130	5	2	2	130	6	1	1	3	8	2					0	50	3	10	203	36	0	1
226	蛋炒饭	1	1	1	14					1	3	16	2	1	3	15	2	1	3	14	1	2	131	81	2					0	70	5	20	204	36	0	1
227	黄金糕	1	1	1	15					2	130	8	2	1	3	16	2	1	3	13	1	2	131	81	2					0	70	5	20	204	36	0	1
228	玉笛谁家听落梅	1	1	1	16					1	3	15	2	1	3	14	2	1	3	4	1	2	131	81	2					0	70	5	20	204	36	0	1
229	二十四桥明月夜	1	1	1	17					1	3	17	2	2	130	11	2	1	3	15	1	2	131	81	2					0	70	5	20	204	36	0	1
230	木兰春	1	1	1	18					1	3	17	2	1	3	16	2	1	2	5	1	1	3	7	2					0	70	5	20	204	36	0	1
231	西北望	1	1	1	19					1	3	17	2	1	3	16	2	1	2	5	1	1	3	7	2					0	70	5	20	204	36	0	1
232	虾酱	1	2	131	10					2	130	10	2	2	130	9	2	2	131	9	1	2	131	81	2					0	70	5	20	204	36	0	1
233	饴糖	1	2	131	11	2	131	12	20	1	3	13	2	1	3	16	2	2	130	19	1	1	3	7	2					0	70	5	20	204	36	0	1
234	红烧鱼丸	1	1	1	20					1	1	14	12	2	95	1507	1													0	90	5	25	205	36	0	1
235	什锦豆腐	1	1	1	21					1	1	9	12	2	95	1507	1													0	90	5	25	205	36	0	1
236	陈年杏花村	1	1	1	22					1	1	13	12	2	95	1507	1													0	90	5	25	205	36	0	1
237	黄金烧卖	1	1	1	23					1	1	15	12	2	95	1507	1													0	90	5	25	205	36	0	1
238	熊掌豆腐	1	1	1	24					1	1	16	12	2	95	1507	1													0	90	5	25	205	36	0	1
239	迎宾宴甲	1	1	1	25					1	1	14	60	2	95	1507	5													0	90	5	25	205	36	0	1
240	迎宾宴乙	1	1	1	25					1	1	9	60	2	95	1507	5													0	90	5	25	205	36	0	1
241	迎宾宴丙	1	1	1	25					1	1	13	60	2	95	1507	5													0	90	5	25	205	36	0	1
242	金猪全席	1	1	1	26					1	1	15	10	1	1	16	10	1	1	18	10	2	95	1507	10					0	90	5	25	205	36	0	1
243	孔府佳宴	1	1	1	27					1	1	15	10	1	1	17	10	1	1	19	10	2	95	1507	10					0	90	5	25	205	36	0	1
244	珍品粽子甲	1	1	0	287					1	0	289	10	1	0	291	10	2	95	1509	3									0	90	5	25	205	36	0	1
245	珍品粽子乙	1	1	0	287					1	0	290	5	1	0	291	10	2	95	1509	3									0	90	5	25	205	36	0	1
246	珍品粽子丙	1	1	0	287					1	0	291	15	2	95	1509	3													0	90	5	25	205	36	0	1
247	百花什锦月	1	1	0	292					2	130	21	5	2	131	13	1	2	130	20	5	2	95	1509	10					0	90	5	25	205	36	0	1
248	珍品月饼	1	1	0	293					1	0	292	3	2	95	1509	3													0	90	5	25	205	36	0	1
249	鹿鸣宴	1	1	0	401					1	1	22	1	2	130	20	4	2	131	11	1	2	131	49	1					0	90	10	30	205	36	0	1
250	杏园宴	1	1	0	402					1	1	22	1	2	130	22	4	2	131	12	1	2	131	50	1					0	90	10	35	205	36	0	1
251	荣恩宴	1	1	0	403					1	1	22	1	2	131	12	3	2	131	9	4	2	131	51	1					0	90	10	40	205	36	0	1
252	琼林宴	1	1	0	404					1	1	21	1	2	130	21	4	2	131	11	1	2	131	49	1					0	90	10	30	205	36	0	1
253	曲江宴	1	1	0	405					1	1	21	1	2	131	12	1	2	130	20	4	2	131	50	1					0	90	10	35	205	36	0	1
254	闻喜宴	1	1	0	406					1	1	24	1	2	131	9	4	2	131	12	3	2	131	51	1					0	90	10	40	205	36	0	1
255	鹰扬宴	1	1	0	407					1	1	20	1	2	130	20	4	2	131	11	1	2	131	49	1					0	90	10	30	205	36	0	1
256	会武宴	1	1	0	408					1	1	20	1	2	131	12	1	2	130	21	4	2	131	50	1					0	90	10	35	205	36	0	1
257	烧尾宴	1	1	0	409					1	1	23	1	2	131	9	4	2	131	12	3	2	131	51	1					0	90	10	40	205	36	0	1
258	绝品粽子甲	1	1	0	300					1	0	301	10	1	0	303	10	2	95	1509	1									0	90	10	25	205	36	0	1
259	绝品粽子乙	1	1	0	300					1	0	302	5	1	0	303	10	2	95	1509	1									0	90	10	25	205	36	0	1
260	绝品粽子丙	1	1	0	300					1	0	303	15	2	95	1509	1													0	90	10	25	205	36	0	1
267	珍品月饼	1	1	0	293					1	0	292	3	2	95	1509	3													0	90	5	25	205	36	0	1
401	窝头	3	1	1	1																									0	1	1	0	301	36	0	1
402	军用物资	3	2	97	1					2	0	307	15																	0	1	0	0	301	36	0	1
409	黑钨精石	3	2	2	66					2	2	37	20	2	8	7	5													0	1	0	0	301	36	0	1
410	铁线精木	3	2	2	67					2	2	11	20	2	10	2	5													0	1	0	0	301	36	0	1
411	山狮精皮	3	2	2	68					2	2	47	20	2	9	7	5													0	1	0	0	301	36	0	1
412	赤钨灵符	3	2	2	69					2	1	912	5	2	2	14	5													0	1	0	0	301	36	0	1
413	钢锭	3	2	131	62					2	8	5	2	2	2	2	2	2	2	1	2	2	2	59	1					0	20	3	3	302	36	0	1
414	精铁锭	3	2	131	14					2	2	2	4	2	2	42	4	2	131	62	2	2	2	59	10					1	20	5	5	302	180	0	1
415	紫金锭	3	2	131	15					2	2	3	4	2	2	43	4	2	131	62	2	2	2	59	10					1	20	5	5	302	180	0	1
416	寒碧铁	3	2	131	77					2	2	4	2	2	2	5	1	2	2	6	1	2	2	60	2					0	50	3	10	303	36	0	1
417	茅山玉佩	3	2	131	16	2	131	17	20	2	2	36	4	2	131	77	4	2	2	32	4	2	2	60	10					1	50	12	40	303	360	0	1
418	连衡谱	3	2	2	27	2	2	57	25	2	2	10	2	2	2	45	2	2	2	31	1	2	2	60	2					0	50	3	10	303	36	0	1
419	精钢锭	3	2	131	63					2	2	38	2	2	2	37	2	2	2	27	1	2	2	61	2					0	70	5	20	304	36	0	1
420	天宝馨宜指环	3	2	131	19	2	131	20	20	2	2	39	4	2	2	12	4	2	2	57	1	2	2	61	10					1	70	20	80	304	180	0	1
421	玉钢	3	2	131	22					2	8	7	2	2	131	63	2	2	2	58	1	2	2	61	2					0	70	10	40	304	36	0	1
422	精炼黑金	3	2	2	468					2	2	37	1	2	2	59	10	2	2	60	4	2	2	61	4					0	70	5	20	304	36	0	1
423	千锤	3	2	114	76					2	130	16	4	2	131	22	4	2	7	3	4	2	2	468	10					1	90	20	40	305	180	0	1
424	百炼	3	2	114	55					2	2	40	4	2	130	16	4	2	131	22	4	2	2	468	10					1	90	20	40	305	180	0	1
601	窝头	4	1	1	1																									0	1	1	0	401	36	0	1
602	军用物资	4	2	97	1					2	0	307	15																	0	1	0	0	401	36	0	1
609	黑钨精石	4	2	2	66					2	2	37	20	2	8	7	5													0	1	0	0	401	36	0	1
610	铁线精木	4	2	2	67					2	2	11	20	2	10	2	5													0	1	0	0	401	36	0	1
611	山狮精皮	4	2	2	68					2	2	47	20	2	9	7	5													0	1	0	0	401	36	0	1
612	赤钨灵符	4	2	2	69					2	1	912	5	2	2	14	5													0	1	0	0	401	36	0	1
613	普通皮革	4	2	131	78					2	2	16	2	2	2	15	2	2	9	1	2	2	2	63	2					0	20	1	1	402	36	0	1
614	麻布	4	2	131	23					1	3	9	2	2	9	2	2	2	9	3	2	2	2	63	2					1	20	5	5	402	180	0	1
615	精致皮革	4	2	131	79					2	131	78	1	2	2	46	2	2	2	17	2	2	2	62	2					0	50	6	20	403	36	0	1
616	帛绢	4	2	131	80					2	10	7	2	2	2	53	2	2	2	55	1	2	2	62	2					0	50	6	20	403	36	0	1
617	绢素	4	2	131	24	2	131	25	20	2	2	52	2	2	2	54	2	2	131	80	1	2	2	62	2					0	50	6	20	403	36	0	1
618	手绢	4	2	131	27	2	131	28	20	2	2	53	4	2	2	55	4	2	131	24	1	2	2	62	2					1	50	12	40	403	180	0	1
619	彻侯巾	4	2	131	74					2	9	5	4	2	2	56	4	2	2	49	4	2	2	64	10					0	70	50	200	404	90	0	1
620	彻侯衣	4	2	131	75					2	10	2	4	2	9	6	4	2	2	50	4	2	2	64	10					0	70	50	200	404	90	0	1
621	彻侯袍	4	2	131	76					2	2	47	4	2	9	7	4	2	2	100	4	2	2	64	10					0	70	50	200	404	90	0	1
622	绢素锦囊	4	2	131	30					2	2	49	4	2	9	6	4	2	131	25	1	2	2	64	10					1	70	5	20	404	180	0	1
623	绿荷锦囊	4	2	131	31					2	2	50	6	2	9	7	4	2	131	26	1	2	2	64	10					1	70	10	40	404	180	0	1
624	流苏	4	2	131	32	2	131	33	20	2	2	49	4	2	2	100	4	2	131	79	1	2	2	64	2					0	70	5	20	404	36	0	1
625	绣球	4	2	131	59					2	10	3	1	2	2	109	1	2	131	32	1	2	2	64	5					1	90	20	40	405	180	0	1
626	翡翠锦囊	4	2	131	60					2	2	48	2	2	2	109	2	2	131	33	2	2	2	64	5					1	90	20	40	405	180	0	1
801	窝头	5	1	1	1																									0	1	1	0	501	36	0	1
802	军用物资	5	2	97	1					2	0	307	15																	0	1	0	0	501	36	0	1
809	黑钨精石	5	2	2	66					2	2	37	20	2	8	7	5													0	1	0	0	501	36	0	1
810	铁线精木	5	2	2	67					2	2	11	20	2	10	2	5													0	1	0	0	501	36	0	1
811	山狮精皮	5	2	2	68					2	2	47	20	2	9	7	5													0	1	0	0	501	36	0	1
812	赤钨灵符	5	2	2	69					2	1	912	5	2	2	14	5													0	1	0	0	501	36	0	1
813	灵符纸	5	2	2	65					2	2	42	2	2	2	30	2	2	2	29	2									0	20	1	1	502	36	0	1
814	武当土地符	5	1	5	8					2	2	65	4	2	1	908	2													0	20	5	5	502	36	0	1
815	丐帮土地符	5	1	5	9					2	2	65	4	2	1	909	2													0	20	5	5	502	36	0	1
816	少林土地符	5	1	5	10					2	2	65	4	2	1	910	2													0	20	5	5	502	36	0	1
817	峨嵋土地符	5	1	5	11					2	2	65	4	2	1	911	2													0	20	5	5	502	36	0	1
818	昆仑土地符	5	1	5	112					2	2	65	4	2	131	69	2													0	20	5	5	502	36	0	1
819	翠烟土地符	5	1	5	114					2	2	65	4	2	131	70	2													0	20	5	5	502	36	0	1
820	明教土地符	5	1	5	113					2	2	65	4	2	131	71	2													0	20	5	5	502	36	0	1
821	唐门土地符	5	1	5	12					2	2	65	4	2	1	913	2													0	20	5	5	502	36	0	1
822	五毒土地符	5	1	5	13					2	2	65	4	2	1	914	2													0	20	5	5	502	36	0	1
823	天波杨府土地符	5	1	5	14					2	2	65	4	2	1	915	2													0	20	5	5	502	36	0	1
824	聚灵符纸	5	2	1	912					2	2	42	1	2	2	44	1	2	2	29	2									0	20	1	1	502	36	0	1
825	松木板	5	2	131	35					2	2	41	4	2	2	29	2													0	20	1	1	502	36	0	1
826	杉木板	5	2	131	36					2	2	43	4	2	2	29	2													0	20	1	1	502	36	0	1
827	砂纸	5	2	131	37	2	131	38	20	2	131	36	2	2	131	35	2	2	2	29	2									0	50	6	20	503	36	0	1
828	汴京土地符	5	1	5	1					2	2	31	1	2	1	912	1	2	1	901	2									0	50	6	20	503	36	0	1
829	成都土地符	5	1	5	2					2	2	31	1	2	1	912	1	2	1	902	2									0	50	6	20	503	36	0	1
830	泉州土地符	5	1	5	3					2	2	31	1	2	1	912	1	2	1	903	2									0	50	6	20	503	36	0	1
831	襄阳土地符	5	1	5	4					2	2	32	1	2	1	912	1	2	1	904	2									0	50	6	20	503	36	0	1
832	凤翔土地符	5	1	5	5					2	2	32	1	2	1	912	1	2	1	905	2									0	50	6	20	503	36	0	1
833	大理土地符	5	1	5	6					2	2	32	1	2	1	912	1	2	1	906	2									0	50	6	20	503	36	0	1
834	扬州土地符	5	1	5	7					2	2	32	1	2	1	912	1	2	1	907	2									0	50	6	20	503	36	0	1
835	灵血墨	5	2	131	40					2	2	33	2	2	2	34	2	2	2	35	2	2	2	107	2					0	70	5	20	504	36	0	1
836	木箱	5	2	131	41					2	2	13	4	2	131	35	2	2	131	61	10									0	70	10	40	504	36	0	1
837	旗子	5	2	131	42					2	2	104	4	2	131	36	4	2	131	61	10									0	70	10	40	504	36	0	1
838	驺吾符纸	5	2	131	43					2	2	14	2	2	2	105	2	2	2	106	1	2	131	61	2					0	70	5	20	504	36	0	1
839	铁质关节	5	2	131	44					2	2	12	2	2	2	38	2	2	131	61	2									0	70	5	20	504	36	0	1
840	木质部件	5	2	131	45					2	131	67	2	2	8	7	2	2	131	61	2									0	70	5	20	504	36	0	1
841	榫卯	5	2	131	46	2	131	47	20	2	2	14	2	2	2	13	2	2	131	61	2									0	70	5	20	504	36	0	1
842	木桌	5	2	131	49					2	7	3	4	2	7	6	4	2	131	46	4	2	131	73	1					0	90	5	5	505	36	0	1
843	燕几	5	2	131	50					2	7	6	8	2	7	7	8	2	131	47	4	2	131	73	1					0	90	5	5	505	36	0	1
844	八仙桌	5	2	131	51					2	7	7	12	2	131	45	12	2	131	48	4	2	131	73	1					0	90	5	5	505	36	0	1
845	传送符	5	2	131	52					2	131	40	4	2	131	43	4	2	7	3	4	2	131	73	1					0	90	10	5	505	36	0	1
846	小木人	5	2	131	53					2	131	45	1	2	131	46	1	2	130	18	5	2	131	73	50					1	90	100	50	505	180	0	1
847	木头人	5	2	131	54					2	131	45	1	2	131	47	1	2	130	18	10	2	131	73	100					1	90	100	55	505	180	0	1
848	大木人	5	2	131	55					2	131	45	1	2	131	48	1	2	130	18	15	2	131	73	200					1	90	100	60	505	180	0	1
849	小铜人	5	2	131	56					2	131	44	1	2	131	46	1	2	130	18	5	2	131	73	50					1	90	100	50	505	180	0	1
850	机关铜人	5	2	131	57					2	131	44	1	2	131	47	1	2	130	18	10	2	131	73	100					1	90	100	55	505	180	0	1
851	大铜人	5	2	131	58					2	131	44	1	2	131	48	1	2	130	18	15	2	131	73	200					1	90	100	60	505	180	0	1
852	铁木板	5	2	131	67					2	2	11	4	2	131	61	1													0	70	5	20	504	36	0	1
853	五级鉴定符	5	2	5	5					2	1	912	2	2	131	43	1	2	5	2	1	2	131	73	1					0	90	10	5	505	36	0	1
854	六级鉴定符	5	2	5	6					2	1	912	4	2	131	43	1	2	5	3	1	2	131	73	1					0	90	10	5	505	36	0	1
855	七级鉴定符	5	2	5	7					2	131	40	1	2	131	43	1	2	5	4	1	2	131	73	1					0	90	10	5	505	36	0	1
1001	窝头	6	1	1	1																									0	1	1	0	601	36	0	1
1002	军用物资	6	2	97	1					2	0	307	15																	0	1	0	0	601	36	0	1
1009	黑钨精石	6	2	2	66					2	2	37	20	2	8	7	5													0	1	0	0	601	36	0	1
1010	铁线精木	6	2	2	67					2	2	11	20	2	10	2	5													0	1	0	0	601	36	0	1
1011	山狮精皮	6	2	2	68					2	2	47	20	2	9	7	5													0	1	0	0	601	36	0	1
1012	赤钨灵符	6	2	2	69					2	1	912	5	2	2	14	5													0	1	0	0	601	36	0	1
1013	蓝色玫瑰吊坠[天]	6	0	120	80					2	9	2	6	2	130	3	6	2	2	21	20									0	20	25	25	602	36	0	1
1014	蓝色玫瑰吊坠[天]	6	0	120	81					2	9	2	6	2	130	3	6	2	2	21	20									0	20	25	25	602	36	0	1
1015	蓝色玫瑰吊坠[天]	6	0	120	82					2	9	2	6	2	130	3	6	2	2	21	20									0	20	25	25	602	36	0	1
1016	蓝色玫瑰吊坠[天]	6	0	120	83					2	9	2	6	2	130	3	6	2	2	21	20									0	20	25	25	602	36	0	1
1017	蓝色玫瑰肩饰[天]	6	0	119	80					2	9	2	6	2	130	3	6	2	2	21	20									0	20	25	25	602	36	0	1
1018	蓝色玫瑰肩饰[天]	6	0	119	81					2	9	2	6	2	130	3	6	2	2	21	20									0	20	25	25	602	36	0	1
1019	蓝色玫瑰肩饰[天]	6	0	119	82					2	9	2	6	2	130	3	6	2	2	21	20									0	20	25	25	602	36	0	1
1020	蓝色玫瑰肩饰[天]	6	0	119	83					2	9	2	6	2	130	3	6	2	2	21	20									0	20	25	25	602	36	0	1
1021	金丝线	6	2	131	1					2	9	2	4	2	9	3	4	2	2	25	2									0	20	5	1	602	36	0	1
1022	珍珠扣	6	2	131	2					2	130	3	4	2	9	3	4	2	2	25	2									0	20	5	1	602	36	0	1
1023	蜀江锦	6	2	131	3					2	130	3	6	2	9	3	6	2	9	2	6	2	2	25	10					0	20	10	10	602	36	0	1
1024	蓝色玫瑰吊坠[周]	6	0	120	80					2	130	7	6	2	131	1	3	2	131	2	1	2	2	22	10					0	50	30	100	603	36	0	1
1025	蓝色玫瑰吊坠[周]	6	0	120	81					2	130	7	6	2	131	1	3	2	131	2	1	2	2	22	10					0	50	30	100	603	36	0	1
1026	蓝色玫瑰吊坠[周]	6	0	120	82					2	130	7	6	2	131	1	3	2	131	2	1	2	2	22	10					0	50	30	100	603	36	0	1
1027	蓝色玫瑰吊坠[周]	6	0	120	83					2	130	7	6	2	131	1	3	2	131	2	1	2	2	22	10					0	50	30	100	603	36	0	1
1028	粉色玫瑰吊坠[周]	6	0	120	76					2	130	7	6	2	2	53	4	2	131	2	1	2	2	22	10					0	50	30	100	603	36	0	1
1029	粉色玫瑰吊坠[周]	6	0	120	77					2	130	7	6	2	2	53	4	2	131	2	1	2	2	22	10					0	50	30	100	603	36	0	1
1030	粉色玫瑰吊坠[周]	6	0	120	78					2	130	7	6	2	2	53	4	2	131	2	1	2	2	22	10					0	50	30	100	603	36	0	1
1031	粉色玫瑰吊坠[周]	6	0	120	79					2	130	7	6	2	2	53	4	2	131	2	1	2	2	22	10					0	50	30	100	603	36	0	1
1032	红色玫瑰吊坠[周]	6	0	120	72					2	130	7	6	2	2	54	4	2	131	2	1	2	2	22	10					0	50	30	100	603	36	0	1
1033	红色玫瑰吊坠[周]	6	0	120	73					2	130	7	6	2	2	54	4	2	131	2	1	2	2	22	10					0	50	30	100	603	36	0	1
1034	红色玫瑰吊坠[周]	6	0	120	74					2	130	7	6	2	2	54	4	2	131	2	1	2	2	22	10					0	50	30	100	603	36	0	1
1035	红色玫瑰吊坠[周]	6	0	120	75					2	130	7	6	2	2	54	4	2	131	2	1	2	2	22	10					0	50	30	100	603	36	0	1
1036	珍珠链饰	6	2	131	4					2	130	7	2	2	130	3	2	2	131	2	1	2	2	21	2					0	50	6	20	603	36	0	1
1037	木棉锦	6	2	2	24					2	130	7	2	2	2	52	2	2	2	55	1	2	2	21	10					0	50	12	40	603	36	0	1
1038	蓝色玫瑰肩饰[周]	6	0	119	72					2	9	7	6	2	9	4	6	2	131	4	1	2	2	22	10					0	70	30	120	604	36	0	1
1039	蓝色玫瑰肩饰[周]	6	0	119	73					2	9	7	6	2	9	4	6	2	131	4	1	2	2	22	10					0	70	30	120	604	36	0	1
1040	蓝色玫瑰肩饰[周]	6	0	119	74					2	9	7	6	2	9	4	6	2	131	4	1	2	2	22	10					0	70	30	120	604	36	0	1
1041	蓝色玫瑰肩饰[周]	6	0	119	75					2	9	7	6	2	9	4	6	2	131	4	1	2	2	22	10					0	70	30	120	604	36	0	1
1042	粉色玫瑰肩饰[周]	6	0	119	76					2	2	56	6	2	9	5	6	2	131	4	1	2	2	22	10					0	70	30	120	604	36	0	1
1043	粉色玫瑰肩饰[周]	6	0	119	77					2	2	56	6	2	9	5	6	2	131	4	1	2	2	22	10					0	70	30	120	604	36	0	1
1044	粉色玫瑰肩饰[周]	6	0	119	78					2	2	56	6	2	9	5	6	2	131	4	1	2	2	22	10					0	70	30	120	604	36	0	1
1045	粉色玫瑰肩饰[周]	6	0	119	79					2	2	56	6	2	9	5	6	2	131	4	1	2	2	22	10					0	70	30	120	604	36	0	1
1046	红色玫瑰肩饰[周]	6	0	119	80					2	2	100	6	2	9	6	6	2	131	4	1	2	2	22	10					0	70	30	120	604	36	0	1
1047	红色玫瑰肩饰[周]	6	0	119	81					2	2	100	6	2	9	6	6	2	131	4	1	2	2	22	10					0	70	30	120	604	36	0	1
1048	红色玫瑰肩饰[周]	6	0	119	82					2	2	100	6	2	9	6	6	2	131	4	1	2	2	22	10					0	70	30	120	604	36	0	1
1049	红色玫瑰肩饰[周]	6	0	119	83					2	2	100	6	2	9	6	6	2	131	4	1	2	2	22	10					0	70	30	120	604	36	0	1
1050	火浣锦	6	2	2	23					2	130	7	2	2	9	7	2	2	9	4	2	2	2	21	10					0	70	20	80	604	36	0	1
1051	天孙锦	6	2	2	26					2	130	7	2	2	2	56	2	2	9	5	2	2	2	21	10					0	70	20	80	604	36	0	1
1052	精制丝线	6	2	2	467					2	2	36	1	2	2	100	2	2	130	15	1	2	2	21	10					0	70	5	20	604	36	0	1
1053	鹤归冠	6	0	108	909					2	130	14	60	2	2	467	1	2	131	84	5	2	131	6	10					1	90	100	150	605	180	0	1
1057	鹤归衣	6	0	109	909					2	130	14	60	2	2	467	1	2	131	84	5	2	131	6	10					1	90	100	150	605	180	0	1
1061	鹤归装	6	0	110	909					2	130	14	60	2	2	467	1	2	131	84	5	2	131	6	10					1	90	100	150	605	180	0	1
1054	鹤归冠	6	0	108	910					2	130	14	60	2	2	467	1	2	131	84	5	2	131	6	10					1	90	100	150	606	180	0	1
1058	鹤归衣	6	0	109	910					2	130	14	60	2	2	467	1	2	131	84	5	2	131	6	10					1	90	100	150	606	180	0	1
1062	鹤归装	6	0	110	910					2	130	14	60	2	2	467	1	2	131	84	5	2	131	6	10					1	90	100	150	606	180	0	1
1055	鹤归簪	6	0	108	911					2	130	13	60	2	2	467	1	2	131	84	5	2	131	6	10					1	90	100	150	607	180	0	1
1059	鹤归衣	6	0	109	911					2	130	13	60	2	2	467	1	2	131	84	5	2	131	6	10					1	90	100	150	607	180	0	1
1063	鹤归裙	6	0	110	911					2	130	13	60	2	2	467	1	2	131	84	5	2	131	6	10					1	90	100	150	607	180	0	1
1056	鹤归簪	6	0	108	912					2	130	13	60	2	2	467	1	2	131	84	5	2	131	6	10					1	90	100	150	608	180	0	1
1060	鹤归衣	6	0	109	912					2	130	13	60	2	2	467	1	2	131	84	5	2	131	6	10					1	90	100	150	608	180	0	1
1064	鹤归裙	6	0	110	912					2	130	13	60	2	2	467	1	2	131	84	5	2	131	6	10					1	90	100	150	608	180	0	1
1112	月饼粽子占坑	2	1	1	1																									0	1	1	5	101	36	0	1
1113	月饼粽子占坑	2	1	1	1																									0	1	1	5	101	36	0	1
1114	月饼粽子占坑	2	1	1	1																									0	1	1	5	101	36	0	1
1115	月饼粽子占坑	2	1	1	1																									0	1	1	5	101	36	0	1
1116	月饼粽子占坑	2	1	1	1																									0	1	1	5	101	36	0	1
1117	月饼粽子占坑	2	1	1	1																									0	1	1	5	101	36	0	1
1120	月饼粽子占坑	2	1	1	1																									0	1	1	5	101	36	0	1
1121	月饼粽子占坑	2	1	1	1																									0	1	1	5	101	36	0	1
1132	月饼粽子占坑	2	1	1	1																									0	1	1	5	101	36	0	1
1133	月饼粽子占坑	2	1	1	1																									0	1	1	5	101	36	0	1
1134	月饼粽子占坑	2	1	1	1																									0	1	1	5	101	36	0	1
1135	月饼粽子占坑	2	1	1	1																									0	1	1	5	101	36	0	1
1136	月饼粽子占坑	2	1	1	1																									0	1	1	5	101	36	0	1
1137	月饼粽子占坑	2	1	1	1																									0	1	1	5	101	36	0	1
1200	白露冠	6	0	108	961					2	130	13	60	2	111	171	300	2	130	15	10	2	131	6	10					1	90	100	150	609	180	0	1
1201	白露冠	6	0	108	962					2	130	13	60	2	111	171	300	2	130	15	10	2	131	6	10					1	90	100	150	609	180	0	1
1202	白露簪	6	0	108	963					2	130	13	60	2	111	171	300	2	130	15	10	2	131	6	10					1	90	100	150	609	180	0	1
1203	白露簪	6	0	108	964					2	130	13	60	2	111	171	300	2	130	15	10	2	131	6	10					1	90	100	150	609	180	0	1
1204	白露衣	6	0	109	961					2	130	13	60	2	111	171	300	2	130	15	10	2	131	6	10					1	90	100	150	609	180	0	1
1205	白露衣	6	0	109	962					2	130	13	60	2	111	171	300	2	130	15	10	2	131	6	10					1	90	100	150	609	180	0	1
1206	白露衣	6	0	109	963					2	130	13	60	2	111	171	300	2	130	15	10	2	131	6	10					1	90	100	150	609	180	0	1
1207	白露衣	6	0	109	964					2	130	13	60	2	111	171	300	2	130	15	10	2	131	6	10					1	90	100	150	609	180	0	1
1208	白露装	6	0	110	961					2	130	13	60	2	111	171	300	2	130	15	10	2	131	6	10					1	90	100	150	609	180	0	1
1209	白露装	6	0	110	962					2	130	13	60	2	111	171	300	2	130	15	10	2	131	6	10					1	90	100	150	609	180	0	1
1210	白露装	6	0	110	963					2	130	13	60	2	111	171	300	2	130	15	10	2	131	6	10					1	90	100	150	609	180	0	1
1211	白露装	6	0	110	964					2	130	13	60	2	111	171	300	2	130	15	10	2	131	6	10					1	90	100	150	609	180	0	1
1212	芷水冠	6	0	108	833					2	130	14	60	2	111	171	200	2	130	15	10	2	131	6	10					1	90	100	150	610	180	0	1
1213	芷水冠	6	0	108	834					2	130	14	60	2	111	171	200	2	130	15	10	2	131	6	10					1	90	100	150	610	180	0	1
1214	芷水簪	6	0	108	835					2	130	14	60	2	111	171	200	2	130	15	10	2	131	6	10					1	90	100	150	610	180	0	1
1215	芷水簪	6	0	108	836					2	130	14	60	2	111	171	200	2	130	15	10	2	131	6	10					1	90	100	150	610	180	0	1
1216	芷水衣	6	0	109	833					2	130	14	60	2	111	171	200	2	130	15	10	2	131	6	10					1	90	100	150	610	180	0	1
1217	芷水衣	6	0	109	834					2	130	14	60	2	111	171	200	2	130	15	10	2	131	6	10					1	90	100	150	610	180	0	1
1218	芷水衣	6	0	109	835					2	130	14	60	2	111	171	200	2	130	15	10	2	131	6	10					1	90	100	150	610	180	0	1
1219	芷水衣	6	0	109	836					2	130	14	60	2	111	171	200	2	130	15	10	2	131	6	10					1	90	100	150	610	180	0	1
1220	芷水装	6	0	110	833					2	130	14	60	2	111	171	200	2	130	15	10	2	131	6	10					1	90	100	150	610	180	0	1
1221	芷水装	6	0	110	834					2	130	14	60	2	111	171	200	2	130	15	10	2	131	6	10					1	90	100	150	610	180	0	1
1222	芷水裙	6	0	110	835					2	130	14	60	2	111	171	200	2	130	15	10	2	131	6	10					1	90	100	150	610	180	0	1
1223	芷水裙	6	0	110	836					2	130	14	60	2	111	171	200	2	130	15	10	2	131	6	10					1	90	100	150	610	180	0	1
1224	潜龙头巾	6	0	108	837					2	130	14	60	2	111	171	200	2	130	15	10	2	131	6	10					1	90	100	150	611	180	0	1
1225	潜龙头巾	6	0	108	838					2	130	14	60	2	111	171	200	2	130	15	10	2	131	6	10					1	90	100	150	611	180	0	1
1226	潜龙头巾	6	0	108	839					2	130	14	60	2	111	171	200	2	130	15	10	2	131	6	10					1	90	100	150	611	180	0	1
1227	潜龙头巾	6	0	108	840					2	130	14	60	2	111	171	200	2	130	15	10	2	131	6	10					1	90	100	150	611	180	0	1
1228	潜龙衣	6	0	109	837					2	130	14	60	2	111	171	200	2	130	15	10	2	131	6	10					1	90	100	150	611	180	0	1
1229	潜龙衣	6	0	109	838					2	130	14	60	2	111	171	200	2	130	15	10	2	131	6	10					1	90	100	150	611	180	0	1
1230	潜龙衣	6	0	109	839					2	130	14	60	2	111	171	200	2	130	15	10	2	131	6	10					1	90	100	150	611	180	0	1
1231	潜龙衣	6	0	109	840					2	130	14	60	2	111	171	200	2	130	15	10	2	131	6	10					1	90	100	150	611	180	0	1
1232	潜龙装	6	0	110	837					2	130	14	60	2	111	171	200	2	130	15	10	2	131	6	10					1	90	100	150	611	180	0	1
1233	潜龙装	6	0	110	838					2	130	14	60	2	111	171	200	2	130	15	10	2	131	6	10					1	90	100	150	611	180	0	1
1234	潜龙裙	6	0	110	839					2	130	14	60	2	111	171	200	2	130	15	10	2	131	6	10					1	90	100	150	611	180	0	1
1235	潜龙裙	6	0	110	840					2	130	14	60	2	111	171	200	2	130	15	10	2	131	6	10					1	90	100	150	611	180	0	1
1236	三清冠	6	0	108	841					2	130	14	60	2	111	171	200	2	130	15	10	2	131	6	10					1	90	100	150	612	180	0	1
1237	三清冠	6	0	108	842					2	130	14	60	2	111	171	200	2	130	15	10	2	131	6	10					1	90	100	150	612	180	0	1
1238	三清簪	6	0	108	843					2	130	14	60	2	111	171	200	2	130	15	10	2	131	6	10					1	90	100	150	612	180	0	1
1239	三清簪	6	0	108	844					2	130	14	60	2	111	171	200	2	130	15	10	2	131	6	10					1	90	100	150	612	180	0	1
1240	三清衣	6	0	109	841					2	130	14	60	2	111	171	200	2	130	15	10	2	131	6	10					1	90	100	150	612	180	0	1
1241	三清衣	6	0	109	842					2	130	14	60	2	111	171	200	2	130	15	10	2	131	6	10					1	90	100	150	612	180	0	1
1242	三清衣	6	0	109	843					2	130	14	60	2	111	171	200	2	130	15	10	2	131	6	10					1	90	100	150	612	180	0	1
1243	三清衣	6	0	109	844					2	130	14	60	2	111	171	200	2	130	15	10	2	131	6	10					1	90	100	150	612	180	0	1
1244	三清袍	6	0	110	841					2	130	14	60	2	111	171	200	2	130	15	10	2	131	6	10					1	90	100	150	612	180	0	1
1245	三清袍	6	0	110	842					2	130	14	60	2	111	171	200	2	130	15	10	2	131	6	10					1	90	100	150	612	180	0	1
1246	三清袍	6	0	110	843					2	130	14	60	2	111	171	200	2	130	15	10	2	131	6	10					1	90	100	150	612	180	0	1
1247	三清袍	6	0	110	844					2	130	14	60	2	111	171	200	2	130	15	10	2	131	6	10					1	90	100	150	612	180	0	1
1248	梨园冠	6	0	108	845					2	130	14	60	2	111	171	200	2	130	15	10	2	131	6	10					1	90	100	150	613	180	0	1
1249	梨园冠	6	0	108	846					2	130	14	60	2	111	171	200	2	130	15	10	2	131	6	10					1	90	100	150	613	180	0	1
1250	梨园簪	6	0	108	847					2	130	14	60	2	111	171	200	2	130	15	10	2	131	6	10					1	90	100	150	613	180	0	1
1251	梨园簪	6	0	108	848					2	130	14	60	2	111	171	200	2	130	15	10	2	131	6	10					1	90	100	150	613	180	0	1
1252	梨园衣	6	0	109	845					2	130	14	60	2	111	171	200	2	130	15	10	2	131	6	10					1	90	100	150	613	180	0	1
1253	梨园衣	6	0	109	846					2	130	14	60	2	111	171	200	2	130	15	10	2	131	6	10					1	90	100	150	613	180	0	1
1254	梨园衣	6	0	109	847					2	130	14	60	2	111	171	200	2	130	15	10	2	131	6	10					1	90	100	150	613	180	0	1
1255	梨园衣	6	0	109	848					2	130	14	60	2	111	171	200	2	130	15	10	2	131	6	10					1	90	100	150	613	180	0	1
1256	梨园装	6	0	110	845					2	130	14	60	2	111	171	200	2	130	15	10	2	131	6	10					1	90	100	150	613	180	0	1
1257	梨园装	6	0	110	846					2	130	14	60	2	111	171	200	2	130	15	10	2	131	6	10					1	90	100	150	613	180	0	1
1258	梨园装	6	0	110	847					2	130	14	60	2	111	171	200	2	130	15	10	2	131	6	10					1	90	100	150	613	180	0	1
1259	梨园装	6	0	110	848					2	130	14	60	2	111	171	200	2	130	15	10	2	131	6	10					1	90	100	150	613	180	0	1
1260	烽烟盔	6	0	108	849					2	130	14	60	2	111	171	200	2	130	15	10	2	131	6	10					1	90	100	150	614	180	0	1
1261	烽烟盔	6	0	108	850					2	130	14	60	2	111	171	200	2	130	15	10	2	131	6	10					1	90	100	150	614	180	0	1
1262	烽烟盔	6	0	108	851					2	130	14	60	2	111	171	200	2	130	15	10	2	131	6	10					1	90	100	150	614	180	0	1
1263	烽烟盔	6	0	108	852					2	130	14	60	2	111	171	200	2	130	15	10	2	131	6	10					1	90	100	150	614	180	0	1
1264	烽烟甲	6	0	109	849					2	130	14	60	2	111	171	200	2	130	15	10	2	131	6	10					1	90	100	150	614	180	0	1
1265	烽烟甲	6	0	109	850					2	130	14	60	2	111	171	200	2	130	15	10	2	131	6	10					1	90	100	150	614	180	0	1
1266	烽烟甲	6	0	109	851					2	130	14	60	2	111	171	200	2	130	15	10	2	131	6	10					1	90	100	150	614	180	0	1
1267	烽烟甲	6	0	109	852					2	130	14	60	2	111	171	200	2	130	15	10	2	131	6	10					1	90	100	150	614	180	0	1
1268	烽烟装	6	0	110	849					2	130	14	60	2	111	171	200	2	130	15	10	2	131	6	10					1	90	100	150	614	180	0	1
1269	烽烟装	6	0	110	850					2	130	14	60	2	111	171	200	2	130	15	10	2	131	6	10					1	90	100	150	614	180	0	1
1270	烽烟装	6	0	110	851					2	130	14	60	2	111	171	200	2	130	15	10	2	131	6	10					1	90	100	150	614	180	0	1
1271	烽烟装	6	0	110	852					2	130	14	60	2	111	171	200	2	130	15	10	2	131	6	10					1	90	100	150	614	180	0	1
1272	六铢笠	6	0	108	853					2	130	14	60	2	111	171	200	2	130	15	10	2	131	6	10					1	90	100	150	615	180	0	1
1273	六铢笠	6	0	108	854					2	130	14	60	2	111	171	200	2	130	15	10	2	131	6	10					1	90	100	150	615	180	0	1
1274	六铢笠	6	0	108	855					2	130	14	60	2	111	171	200	2	130	15	10	2	131	6	10					1	90	100	150	615	180	0	1
1275	六铢笠	6	0	108	856					2	130	14	60	2	111	171	200	2	130	15	10	2	131	6	10					1	90	100	150	615	180	0	1
1276	六铢衣	6	0	109	853					2	130	14	60	2	111	171	200	2	130	15	10	2	131	6	10					1	90	100	150	615	180	0	1
1277	六铢衣	6	0	109	854					2	130	14	60	2	111	171	200	2	130	15	10	2	131	6	10					1	90	100	150	615	180	0	1
1278	六铢衣	6	0	109	855					2	130	14	60	2	111	171	200	2	130	15	10	2	131	6	10					1	90	100	150	615	180	0	1
1279	六铢衣	6	0	109	856					2	130	14	60	2	111	171	200	2	130	15	10	2	131	6	10					1	90	100	150	615	180	0	1
1280	六铢装	6	0	110	853					2	130	14	60	2	111	171	200	2	130	15	10	2	131	6	10					1	90	100	150	615	180	0	1
1281	六铢装	6	0	110	854					2	130	14	60	2	111	171	200	2	130	15	10	2	131	6	10					1	90	100	150	615	180	0	1
1282	六铢装	6	0	110	855					2	130	14	60	2	111	171	200	2	130	15	10	2	131	6	10					1	90	100	150	615	180	0	1
1283	六铢装	6	0	110	856					2	130	14	60	2	111	171	200	2	130	15	10	2	131	6	10					1	90	100	150	615	180	0	1
1284	昭彰冠	6	0	108	857					2	130	14	60	2	111	171	200	2	130	15	10	2	131	6	10					1	90	100	150	616	180	0	1
1285	昭彰冠	6	0	108	858					2	130	14	60	2	111	171	200	2	130	15	10	2	131	6	10					1	90	100	150	616	180	0	1
1286	昭彰纱	6	0	108	859					2	130	14	60	2	111	171	200	2	130	15	10	2	131	6	10					1	90	100	150	616	180	0	1
1287	昭彰纱	6	0	108	860					2	130	14	60	2	111	171	200	2	130	15	10	2	131	6	10					1	90	100	150	616	180	0	1
1288	昭彰衣	6	0	109	857					2	130	14	60	2	111	171	200	2	130	15	10	2	131	6	10					1	90	100	150	616	180	0	1
1289	昭彰衣	6	0	109	858					2	130	14	60	2	111	171	200	2	130	15	10	2	131	6	10					1	90	100	150	616	180	0	1
1290	昭彰衣	6	0	109	859					2	130	14	60	2	111	171	200	2	130	15	10	2	131	6	10					1	90	100	150	616	180	0	1
1291	昭彰衣	6	0	109	860					2	130	14	60	2	111	171	200	2	130	15	10	2	131	6	10					1	90	100	150	616	180	0	1
1292	昭彰装	6	0	110	857					2	130	14	60	2	111	171	200	2	130	15	10	2	131	6	10					1	90	100	150	616	180	0	1
1293	昭彰装	6	0	110	858					2	130	14	60	2	111	171	200	2	130	15	10	2	131	6	10					1	90	100	150	616	180	0	1
1294	昭彰装	6	0	110	859					2	130	14	60	2	111	171	200	2	130	15	10	2	131	6	10					1	90	100	150	616	180	0	1
1295	昭彰装	6	0	110	860					2	130	14	60	2	111	171	200	2	130	15	10	2	131	6	10					1	90	100	150	616	180	0	1
1296	百毒冠	6	0	108	861					2	130	14	60	2	111	171	200	2	130	15	10	2	131	6	10					1	90	100	150	617	180	0	1
1297	百毒冠	6	0	108	862					2	130	14	60	2	111	171	200	2	130	15	10	2	131	6	10					1	90	100	150	617	180	0	1
1298	百毒簪	6	0	108	863					2	130	14	60	2	111	171	200	2	130	15	10	2	131	6	10					1	90	100	150	617	180	0	1
1299	百毒簪	6	0	108	864					2	130	14	60	2	111	171	200	2	130	15	10	2	131	6	10					1	90	100	150	617	180	0	1
1300	百毒衫	6	0	109	861					2	130	14	60	2	111	171	200	2	130	15	10	2	131	6	10					1	90	100	150	617	180	0	1
1301	百毒衫	6	0	109	862					2	130	14	60	2	111	171	200	2	130	15	10	2	131	6	10					1	90	100	150	617	180	0	1
1302	百毒衫	6	0	109	863					2	130	14	60	2	111	171	200	2	130	15	10	2	131	6	10					1	90	100	150	617	180	0	1
1303	百毒衫	6	0	109	864					2	130	14	60	2	111	171	200	2	130	15	10	2	131	6	10					1	90	100	150	617	180	0	1
1304	百毒装	6	0	110	861					2	130	14	60	2	111	171	200	2	130	15	10	2	131	6	10					1	90	100	150	617	180	0	1
1305	百毒装	6	0	110	862					2	130	14	60	2	111	171	200	2	130	15	10	2	131	6	10					1	90	100	150	617	180	0	1
1306	百毒装	6	0	110	863					2	130	14	60	2	111	171	200	2	130	15	10	2	131	6	10					1	90	100	150	617	180	0	1
1307	百毒装	6	0	110	864					2	130	14	60	2	111	171	200	2	130	15	10	2	131	6	10					1	90	100	150	617	180	0	1
1308	吴钩面具	6	0	108	865					2	130	14	60	2	111	171	200	2	130	15	10	2	131	6	10					1	90	100	150	618	180	0	1
1309	吴钩面具	6	0	108	866					2	130	14	60	2	111	171	200	2	130	15	10	2	131	6	10					1	90	100	150	618	180	0	1
1310	吴钩面具	6	0	108	867					2	130	14	60	2	111	171	200	2	130	15	10	2	131	6	10					1	90	100	150	618	180	0	1
1311	吴钩面具	6	0	108	868					2	130	14	60	2	111	171	200	2	130	15	10	2	131	6	10					1	90	100	150	618	180	0	1
1312	吴钩衣	6	0	109	865					2	130	14	60	2	111	171	200	2	130	15	10	2	131	6	10					1	90	100	150	618	180	0	1
1313	吴钩衣	6	0	109	866					2	130	14	60	2	111	171	200	2	130	15	10	2	131	6	10					1	90	100	150	618	180	0	1
1314	吴钩衣	6	0	109	867					2	130	14	60	2	111	171	200	2	130	15	10	2	131	6	10					1	90	100	150	618	180	0	1
1315	吴钩衣	6	0	109	868					2	130	14	60	2	111	171	200	2	130	15	10	2	131	6	10					1	90	100	150	618	180	0	1
1316	吴钩裤	6	0	110	865					2	130	14	60	2	111	171	200	2	130	15	10	2	131	6	10					1	90	100	150	618	180	0	1
1317	吴钩裤	6	0	110	866					2	130	14	60	2	111	171	200	2	130	15	10	2	131	6	10					1	90	100	150	618	180	0	1
1318	吴钩装	6	0	110	867					2	130	14	60	2	111	171	200	2	130	15	10	2	131	6	10					1	90	100	150	618	180	0	1
1319	吴钩装	6	0	110	868					2	130	14	60	2	111	171	200	2	130	15	10	2	131	6	10					1	90	100	150	618	180	0	1
1320	琼楼冠	6	0	108	869					2	130	14	60	2	111	171	200	2	130	15	10	2	131	6	10					1	90	100	150	619	180	0	1
1321	琼楼冠	6	0	108	870					2	130	14	60	2	111	171	200	2	130	15	10	2	131	6	10					1	90	100	150	619	180	0	1
1322	琼楼簪	6	0	108	871					2	130	14	60	2	111	171	200	2	130	15	10	2	131	6	10					1	90	100	150	619	180	0	1
1323	琼楼簪	6	0	108	872					2	130	14	60	2	111	171	200	2	130	15	10	2	131	6	10					1	90	100	150	619	180	0	1
1324	琼楼衫	6	0	109	869					2	130	14	60	2	111	171	200	2	130	15	10	2	131	6	10					1	90	100	150	619	180	0	1
1325	琼楼衫	6	0	109	870					2	130	14	60	2	111	171	200	2	130	15	10	2	131	6	10					1	90	100	150	619	180	0	1
1326	琼楼衫	6	0	109	871					2	130	14	60	2	111	171	200	2	130	15	10	2	131	6	10					1	90	100	150	619	180	0	1
1327	琼楼衫	6	0	109	872					2	130	14	60	2	111	171	200	2	130	15	10	2	131	6	10					1	90	100	150	619	180	0	1
1328	琼楼装	6	0	110	869					2	130	14	60	2	111	171	200	2	130	15	10	2	131	6	10					1	90	100	150	619	180	0	1
1329	琼楼装	6	0	110	870					2	130	14	60	2	111	171	200	2	130	15	10	2	131	6	10					1	90	100	150	619	180	0	1
1330	琼楼装	6	0	110	871					2	130	14	60	2	111	171	200	2	130	15	10	2	131	6	10					1	90	100	150	619	180	0	1
1331	琼楼装	6	0	110	872					2	130	14	60	2	111	171	200	2	130	15	10	2	131	6	10					1	90	100	150	619	180	0	1
1332	本如法师之法华帽	4	0	103	22582					2	131	74	20	2	131	33	50	2	130	23	1	2	130	15	10					1	90	1000	0	405	180	0	1
1333	本如法师之法华帽	4	0	103	22583					2	131	74	20	2	131	33	50	2	130	23	1	2	130	15	10					1	90	1000	0	405	180	0	1
1334	大慧禅师之无心帽	4	0	103	22584					2	131	74	20	2	131	33	50	2	130	23	1	2	130	15	10					1	90	1000	0	405	180	0	1
1335	大慧禅师之无心帽	4	0	103	22585					2	131	74	20	2	131	33	50	2	130	23	1	2	130	15	10					1	90	1000	0	405	180	0	1
1336	青灯法师之离俗帽	4	0	103	22586					2	131	74	20	2	131	33	50	2	130	23	1	2	130	15	10					1	90	1000	0	405	180	0	1
1337	青灯法师之离俗帽	4	0	103	22587					2	131	74	20	2	131	33	50	2	130	23	1	2	130	15	10					1	90	1000	0	405	180	0	1
1338	千机隐士之漆身帽	4	0	103	22588					2	131	74	20	2	131	33	50	2	130	23	1	2	130	15	10					1	90	1000	0	405	180	0	1
1339	千机隐士之漆身帽	4	0	103	22589					2	131	74	20	2	131	33	50	2	130	23	1	2	130	15	10					1	90	1000	0	405	180	0	1
1340	千机隐士之漆身帽	4	0	103	22590					2	131	74	20	2	131	34	50	2	130	23	1	2	130	15	10					1	90	1000	0	405	180	0	1
1341	千机隐士之漆身帽	4	0	103	22591					2	131	74	20	2	131	34	50	2	130	23	1	2	130	15	10					1	90	1000	0	405	180	0	1
1342	昙彻尼之幽隐帽	4	0	103	22592					2	131	74	20	2	131	34	50	2	130	23	1	2	130	15	10					1	90	1000	0	405	180	0	1
1343	昙彻尼之幽隐帽	4	0	103	22593					2	131	74	20	2	131	34	50	2	130	23	1	2	130	15	10					1	90	1000	0	405	180	0	1
1344	古琴圣之绕梁帽	4	0	103	22594					2	131	74	20	2	131	34	50	2	130	23	1	2	130	15	10					1	90	1000	0	405	180	0	1
1345	古琴圣之绕梁帽	4	0	103	22595					2	131	74	20	2	131	34	50	2	130	23	1	2	130	15	10					1	90	1000	0	405	180	0	1
1346	传功长老之四海巾	4	0	103	22596					2	131	74	20	2	131	33	50	2	130	23	1	2	130	15	10					1	90	1000	0	405	180	0	1
1347	传功长老之四海巾	4	0	103	22597					2	131	74	20	2	131	33	50	2	130	23	1	2	130	15	10					1	90	1000	0	405	180	0	1
1348	传功长老之四海巾	4	0	103	22598					2	131	74	20	2	131	34	50	2	130	23	1	2	130	15	10					1	90	1000	0	405	180	0	1
1349	传功长老之四海巾	4	0	103	22599					2	131	74	20	2	131	34	50	2	130	23	1	2	130	15	10					1	90	1000	0	405	180	0	1
1350	掌钵长老之穷楼巾	4	0	103	22600					2	131	74	20	2	131	33	50	2	130	23	1	2	130	15	10					1	90	1000	0	405	180	0	1
1351	掌钵长老之穷楼巾	4	0	103	22601					2	131	74	20	2	131	33	50	2	130	23	1	2	130	15	10					1	90	1000	0	405	180	0	1
1352	掌钵长老之穷楼巾	4	0	103	22602					2	131	74	20	2	131	34	50	2	130	23	1	2	130	15	10					1	90	1000	0	405	180	0	1
1353	掌钵长老之穷楼巾	4	0	103	22603					2	131	74	20	2	131	34	50	2	130	23	1	2	130	15	10					1	90	1000	0	405	180	0	1
1354	太清真人之道德冠	4	0	103	22604					2	131	74	20	2	131	33	50	2	130	23	1	2	130	15	10					1	90	1000	0	405	180	0	1
1355	太清真人之道德冠	4	0	103	22605					2	131	74	20	2	131	33	50	2	130	23	1	2	130	15	10					1	90	1000	0	405	180	0	1
1356	太清真人之道德冠	4	0	103	22606					2	131	74	20	2	131	34	50	2	130	23	1	2	130	15	10					1	90	1000	0	405	180	0	1
1357	太清真人之道德冠	4	0	103	22607					2	131	74	20	2	131	34	50	2	130	23	1	2	130	15	10					1	90	1000	0	405	180	0	1
1358	通天教主之诛仙冠	4	0	103	22608					2	131	74	20	2	131	33	50	2	130	23	1	2	130	15	10					1	90	1000	0	405	180	0	1
1359	通天教主之诛仙冠	4	0	103	22609					2	131	74	20	2	131	33	50	2	130	23	1	2	130	15	10					1	90	1000	0	405	180	0	1
1360	通天教主之诛仙冠	4	0	103	22610					2	131	74	20	2	131	34	50	2	130	23	1	2	130	15	10					1	90	1000	0	405	180	0	1
1361	通天教主之诛仙冠	4	0	103	22611					2	131	74	20	2	131	34	50	2	130	23	1	2	130	15	10					1	90	1000	0	405	180	0	1
1362	征南元帅之龙神盔	4	0	103	22612					2	131	74	20	2	131	33	50	2	130	23	1	2	130	15	10					1	90	1000	0	405	180	0	1
1363	征南元帅之龙神盔	4	0	103	22613					2	131	74	20	2	131	33	50	2	130	23	1	2	130	15	10					1	90	1000	0	405	180	0	1
1364	征南元帅之龙神盔	4	0	103	22614					2	131	74	20	2	131	34	50	2	130	23	1	2	130	15	10					1	90	1000	0	405	180	0	1
1365	征南元帅之龙神盔	4	0	103	22615					2	131	74	20	2	131	34	50	2	130	23	1	2	130	15	10					1	90	1000	0	405	180	0	1
1366	镇北元帅之虞候盔	4	0	103	22616					2	131	74	20	2	131	33	50	2	130	23	1	2	130	15	10					1	90	1000	0	405	180	0	1
1367	镇北元帅之虞候盔	4	0	103	22617					2	131	74	20	2	131	33	50	2	130	23	1	2	130	15	10					1	90	1000	0	405	180	0	1
1368	镇北元帅之虞候盔	4	0	103	22618					2	131	74	20	2	131	34	50	2	130	23	1	2	130	15	10					1	90	1000	0	405	180	0	1
1369	镇北元帅之虞候盔	4	0	103	22619					2	131	74	20	2	131	34	50	2	130	23	1	2	130	15	10					1	90	1000	0	405	180	0	1
1370	吞月尊者之贪狼帽	4	0	103	22620					2	131	74	20	2	131	33	50	2	130	23	1	2	130	15	10					1	90	1000	0	405	180	0	1
1371	吞月尊者之贪狼帽	4	0	103	22621					2	131	74	20	2	131	33	50	2	130	23	1	2	130	15	10					1	90	1000	0	405	180	0	1
1372	吞月尊者之贪狼帽	4	0	103	22622					2	131	74	20	2	131	34	50	2	130	23	1	2	130	15	10					1	90	1000	0	405	180	0	1
1373	吞月尊者之贪狼帽	4	0	103	22623					2	131	74	20	2	131	34	50	2	130	23	1	2	130	15	10					1	90	1000	0	405	180	0	1
1374	蛊王尊者之百足巾	4	0	103	22624					2	131	74	20	2	131	33	50	2	130	23	1	2	130	15	10					1	90	1000	0	405	180	0	1
1375	蛊王尊者之百足巾	4	0	103	22625					2	131	74	20	2	131	33	50	2	130	23	1	2	130	15	10					1	90	1000	0	405	180	0	1
1376	蛊王尊者之百足巾	4	0	103	22626					2	131	74	20	2	131	34	50	2	130	23	1	2	130	15	10					1	90	1000	0	405	180	0	1
1377	蛊王尊者之百足巾	4	0	103	22627					2	131	74	20	2	131	34	50	2	130	23	1	2	130	15	10					1	90	1000	0	405	180	0	1
1378	龙虎真人之正一冠	4	0	103	22628					2	131	74	20	2	131	34	50	2	130	23	1	2	130	15	10					1	90	1000	0	405	180	0	1
1379	龙虎真人之正一冠	4	0	103	22629					2	131	74	20	2	131	34	50	2	130	23	1	2	130	15	10					1	90	1000	0	405	180	0	1
1380	大明尊者之寂灭冠	4	0	103	22630					2	131	74	20	2	131	33	50	2	130	23	1	2	130	15	10					1	90	1000	0	405	180	0	1
1381	大明尊者之寂灭冠	4	0	103	22631					2	131	74	20	2	131	33	50	2	130	23	1	2	130	15	10					1	90	1000	0	405	180	0	1
1382	大明尊者之寂灭冠	4	0	103	22632					2	131	74	20	2	131	34	50	2	130	23	1	2	130	15	10					1	90	1000	0	405	180	0	1
1383	大明尊者之寂灭冠	4	0	103	22633					2	131	74	20	2	131	34	50	2	130	23	1	2	130	15	10					1	90	1000	0	405	180	0	1
1384	护法尊者之出阵冠	4	0	103	22634					2	131	74	20	2	131	33	50	2	130	23	1	2	130	15	10					1	90	1000	0	405	180	0	1
1385	护法尊者之出阵冠	4	0	103	22635					2	131	74	20	2	131	33	50	2	130	23	1	2	130	15	10					1	90	1000	0	405	180	0	1
1386	护法尊者之出阵冠	4	0	103	22636					2	131	74	20	2	131	34	50	2	130	23	1	2	130	15	10					1	90	1000	0	405	180	0	1
1387	护法尊者之出阵冠	4	0	103	22637					2	131	74	20	2	131	34	50	2	130	23	1	2	130	15	10					1	90	1000	0	405	180	0	1
1388	摩尼尊者之四果冠	4	0	103	22638					2	131	74	20	2	131	33	50	2	130	23	1	2	130	15	10					1	90	1000	0	405	180	0	1
1389	摩尼尊者之四果冠	4	0	103	22639					2	131	74	20	2	131	33	50	2	130	23	1	2	130	15	10					1	90	1000	0	405	180	0	1
1390	摩尼尊者之四果冠	4	0	103	22640					2	131	74	20	2	131	34	50	2	130	23	1	2	130	15	10					1	90	1000	0	405	180	0	1
1391	摩尼尊者之四果冠	4	0	103	22641					2	131	74	20	2	131	34	50	2	130	23	1	2	130	15	10					1	90	1000	0	405	180	0	1
1392	翠微仙子之绿竹簪	4	0	103	22642					2	131	74	20	2	131	34	50	2	130	23	1	2	130	15	10					1	90	1000	0	405	180	0	1
1393	翠微仙子之绿竹簪	4	0	103	22643					2	131	74	20	2	131	34	50	2	130	23	1	2	130	15	10					1	90	1000	0	405	180	0	1
1394	天香仙子之芙蓉簪	4	0	103	22644					2	131	74	20	2	131	34	50	2	130	23	1	2	130	15	10					1	90	1000	0	405	180	0	1
1395	天香仙子之芙蓉簪	4	0	103	22645					2	131	74	20	2	131	34	50	2	130	23	1	2	130	15	10					1	90	1000	0	405	180	0	1
1396	惭恩客之斩衣冠	4	0	103	22646					2	131	74	20	2	131	33	50	2	130	23	1	2	130	15	10					1	90	1000	0	405	180	0	1
1397	惭恩客之斩衣冠	4	0	103	22647					2	131	74	20	2	131	33	50	2	130	23	1	2	130	15	10					1	90	1000	0	405	180	0	1
1398	惭恩客之斩衣冠	4	0	103	22648					2	131	74	20	2	131	34	50	2	130	23	1	2	130	15	10					1	90	1000	0	405	180	0	1
1399	惭恩客之斩衣冠	4	0	103	22649					2	131	74	20	2	131	34	50	2	130	23	1	2	130	15	10					1	90	1000	0	405	180	0	1
1400	浣剑真人之御心冠	4	0	103	22650					2	131	74	20	2	131	34	50	2	130	23	1	2	130	15	10					1	90	1000	0	405	180	0	1
1401	浣剑真人之御心冠	4	0	103	22651					2	131	74	20	2	131	34	50	2	130	23	1	2	130	15	10					1	90	1000	0	405	180	0	1
1402	本如法师之法华衣	4	0	100	22582					2	131	75	20	2	131	33	50	2	130	23	1	2	130	15	10					1	90	1000	0	405	180	0	1
1403	本如法师之法华衣	4	0	100	22583					2	131	75	20	2	131	33	50	2	130	23	1	2	130	15	10					1	90	1000	0	405	180	0	1
1404	大慧禅师之无心衣	4	0	100	22584					2	131	75	20	2	131	33	50	2	130	23	1	2	130	15	10					1	90	1000	0	405	180	0	1
1405	大慧禅师之无心衣	4	0	100	22585					2	131	75	20	2	131	33	50	2	130	23	1	2	130	15	10					1	90	1000	0	405	180	0	1
1406	青灯法师之离俗衣	4	0	100	22586					2	131	75	20	2	131	33	50	2	130	23	1	2	130	15	10					1	90	1000	0	405	180	0	1
1407	青灯法师之离俗衣	4	0	100	22587					2	131	75	20	2	131	33	50	2	130	23	1	2	130	15	10					1	90	1000	0	405	180	0	1
1408	千机隐士之漆身衣	4	0	100	22588					2	131	75	20	2	131	33	50	2	130	23	1	2	130	15	10					1	90	1000	0	405	180	0	1
1409	千机隐士之漆身衣	4	0	100	22589					2	131	75	20	2	131	33	50	2	130	23	1	2	130	15	10					1	90	1000	0	405	180	0	1
1410	千机隐士之漆身衣	4	0	100	22590					2	131	75	20	2	131	34	50	2	130	23	1	2	130	15	10					1	90	1000	0	405	180	0	1
1411	千机隐士之漆身衣	4	0	100	22591					2	131	75	20	2	131	34	50	2	130	23	1	2	130	15	10					1	90	1000	0	405	180	0	1
1412	昙彻尼之幽隐衣	4	0	100	22592					2	131	75	20	2	131	34	50	2	130	23	1	2	130	15	10					1	90	1000	0	405	180	0	1
1413	昙彻尼之幽隐衣	4	0	100	22593					2	131	75	20	2	131	34	50	2	130	23	1	2	130	15	10					1	90	1000	0	405	180	0	1
1414	古琴圣之绕梁衣	4	0	100	22594					2	131	75	20	2	131	34	50	2	130	23	1	2	130	15	10					1	90	1000	0	405	180	0	1
1415	古琴圣之绕梁衣	4	0	100	22595					2	131	75	20	2	131	34	50	2	130	23	1	2	130	15	10					1	90	1000	0	405	180	0	1
1416	传功长老之四海衣	4	0	100	22596					2	131	75	20	2	131	33	50	2	130	23	1	2	130	15	10					1	90	1000	0	405	180	0	1
1417	传功长老之四海衣	4	0	100	22597					2	131	75	20	2	131	33	50	2	130	23	1	2	130	15	10					1	90	1000	0	405	180	0	1
1418	传功长老之四海衣	4	0	100	22598					2	131	75	20	2	131	34	50	2	130	23	1	2	130	15	10					1	90	1000	0	405	180	0	1
1419	传功长老之四海衣	4	0	100	22599					2	131	75	20	2	131	34	50	2	130	23	1	2	130	15	10					1	90	1000	0	405	180	0	1
1420	掌钵长老之穷楼衣	4	0	100	22600					2	131	75	20	2	131	33	50	2	130	23	1	2	130	15	10					1	90	1000	0	405	180	0	1
1421	掌钵长老之穷楼衣	4	0	100	22601					2	131	75	20	2	131	33	50	2	130	23	1	2	130	15	10					1	90	1000	0	405	180	0	1
1422	掌钵长老之穷楼衣	4	0	100	22602					2	131	75	20	2	131	34	50	2	130	23	1	2	130	15	10					1	90	1000	0	405	180	0	1
1423	掌钵长老之穷楼衣	4	0	100	22603					2	131	75	20	2	131	34	50	2	130	23	1	2	130	15	10					1	90	1000	0	405	180	0	1
1424	太清真人之道德衣	4	0	100	22604					2	131	75	20	2	131	33	50	2	130	23	1	2	130	15	10					1	90	1000	0	405	180	0	1
1425	太清真人之道德衣	4	0	100	22605					2	131	75	20	2	131	33	50	2	130	23	1	2	130	15	10					1	90	1000	0	405	180	0	1
1426	太清真人之道德衣	4	0	100	22606					2	131	75	20	2	131	34	50	2	130	23	1	2	130	15	10					1	90	1000	0	405	180	0	1
1427	太清真人之道德衣	4	0	100	22607					2	131	75	20	2	131	34	50	2	130	23	1	2	130	15	10					1	90	1000	0	405	180	0	1
1428	通天教主之诛仙衣	4	0	100	22608					2	131	75	20	2	131	33	50	2	130	23	1	2	130	15	10					1	90	1000	0	405	180	0	1
1429	通天教主之诛仙衣	4	0	100	22609					2	131	75	20	2	131	33	50	2	130	23	1	2	130	15	10					1	90	1000	0	405	180	0	1
1430	通天教主之诛仙衣	4	0	100	22610					2	131	75	20	2	131	34	50	2	130	23	1	2	130	15	10					1	90	1000	0	405	180	0	1
1431	通天教主之诛仙衣	4	0	100	22611					2	131	75	20	2	131	34	50	2	130	23	1	2	130	15	10					1	90	1000	0	405	180	0	1
1432	征南元帅之龙神甲	4	0	100	22612					2	131	75	20	2	131	33	50	2	130	23	1	2	130	15	10					1	90	1000	0	405	180	0	1
1433	征南元帅之龙神甲	4	0	100	22613					2	131	75	20	2	131	33	50	2	130	23	1	2	130	15	10					1	90	1000	0	405	180	0	1
1434	征南元帅之龙神甲	4	0	100	22614					2	131	75	20	2	131	34	50	2	130	23	1	2	130	15	10					1	90	1000	0	405	180	0	1
1435	征南元帅之龙神甲	4	0	100	22615					2	131	75	20	2	131	34	50	2	130	23	1	2	130	15	10					1	90	1000	0	405	180	0	1
1436	镇北元帅之虞候甲	4	0	100	22616					2	131	75	20	2	131	33	50	2	130	23	1	2	130	15	10					1	90	1000	0	405	180	0	1
1437	镇北元帅之虞候甲	4	0	100	22617					2	131	75	20	2	131	33	50	2	130	23	1	2	130	15	10					1	90	1000	0	405	180	0	1
1438	镇北元帅之虞候甲	4	0	100	22618					2	131	75	20	2	131	34	50	2	130	23	1	2	130	15	10					1	90	1000	0	405	180	0	1
1439	镇北元帅之虞候甲	4	0	100	22619					2	131	75	20	2	131	34	50	2	130	23	1	2	130	15	10					1	90	1000	0	405	180	0	1
1440	吞月尊者之贪狼衣	4	0	100	22620					2	131	75	20	2	131	33	50	2	130	23	1	2	130	15	10					1	90	1000	0	405	180	0	1
1441	吞月尊者之贪狼衣	4	0	100	22621					2	131	75	20	2	131	33	50	2	130	23	1	2	130	15	10					1	90	1000	0	405	180	0	1
1442	吞月尊者之贪狼衣	4	0	100	22622					2	131	75	20	2	131	34	50	2	130	23	1	2	130	15	10					1	90	1000	0	405	180	0	1
1443	吞月尊者之贪狼衣	4	0	100	22623					2	131	75	20	2	131	34	50	2	130	23	1	2	130	15	10					1	90	1000	0	405	180	0	1
1444	蛊王尊者之百足衣	4	0	100	22624					2	131	75	20	2	131	33	50	2	130	23	1	2	130	15	10					1	90	1000	0	405	180	0	1
1445	蛊王尊者之百足衣	4	0	100	22625					2	131	75	20	2	131	33	50	2	130	23	1	2	130	15	10					1	90	1000	0	405	180	0	1
1446	蛊王尊者之百足衣	4	0	100	22626					2	131	75	20	2	131	34	50	2	130	23	1	2	130	15	10					1	90	1000	0	405	180	0	1
1447	蛊王尊者之百足衣	4	0	100	22627					2	131	75	20	2	131	34	50	2	130	23	1	2	130	15	10					1	90	1000	0	405	180	0	1
1448	龙虎真人之正一衣	4	0	100	22628					2	131	75	20	2	131	34	50	2	130	23	1	2	130	15	10					1	90	1000	0	405	180	0	1
1449	龙虎真人之正一衣	4	0	100	22629					2	131	75	20	2	131	34	50	2	130	23	1	2	130	15	10					1	90	1000	0	405	180	0	1
1450	大明尊者之寂灭衣	4	0	100	22630					2	131	75	20	2	131	33	50	2	130	23	1	2	130	15	10					1	90	1000	0	405	180	0	1
1451	大明尊者之寂灭衣	4	0	100	22631					2	131	75	20	2	131	33	50	2	130	23	1	2	130	15	10					1	90	1000	0	405	180	0	1
1452	大明尊者之寂灭衣	4	0	100	22632					2	131	75	20	2	131	34	50	2	130	23	1	2	130	15	10					1	90	1000	0	405	180	0	1
1453	大明尊者之寂灭衣	4	0	100	22633					2	131	75	20	2	131	34	50	2	130	23	1	2	130	15	10					1	90	1000	0	405	180	0	1
1454	护法尊者之出阵衣	4	0	100	22634					2	131	75	20	2	131	33	50	2	130	23	1	2	130	15	10					1	90	1000	0	405	180	0	1
1455	护法尊者之出阵衣	4	0	100	22635					2	131	75	20	2	131	33	50	2	130	23	1	2	130	15	10					1	90	1000	0	405	180	0	1
1456	护法尊者之出阵衣	4	0	100	22636					2	131	75	20	2	131	34	50	2	130	23	1	2	130	15	10					1	90	1000	0	405	180	0	1
1457	护法尊者之出阵衣	4	0	100	22637					2	131	75	20	2	131	34	50	2	130	23	1	2	130	15	10					1	90	1000	0	405	180	0	1
1458	摩尼尊者之四果衣	4	0	100	22638					2	131	75	20	2	131	33	50	2	130	23	1	2	130	15	10					1	90	1000	0	405	180	0	1
1459	摩尼尊者之四果衣	4	0	100	22639					2	131	75	20	2	131	33	50	2	130	23	1	2	130	15	10					1	90	1000	0	405	180	0	1
1460	摩尼尊者之四果衣	4	0	100	22640					2	131	75	20	2	131	34	50	2	130	23	1	2	130	15	10					1	90	1000	0	405	180	0	1
1461	摩尼尊者之四果衣	4	0	100	22641					2	131	75	20	2	131	34	50	2	130	23	1	2	130	15	10					1	90	1000	0	405	180	0	1
1462	翠微仙子之绿竹衣	4	0	100	22642					2	131	75	20	2	131	34	50	2	130	23	1	2	130	15	10					1	90	1000	0	405	180	0	1
1463	翠微仙子之绿竹衣	4	0	100	22643					2	131	75	20	2	131	34	50	2	130	23	1	2	130	15	10					1	90	1000	0	405	180	0	1
1464	天香仙子之芙蓉衣	4	0	100	22644					2	131	75	20	2	131	34	50	2	130	23	1	2	130	15	10					1	90	1000	0	405	180	0	1
1465	天香仙子之芙蓉衣	4	0	100	22645					2	131	75	20	2	131	34	50	2	130	23	1	2	130	15	10					1	90	1000	0	405	180	0	1
1466	惭恩客之斩衣装	4	0	100	22646					2	131	75	20	2	131	33	50	2	130	23	1	2	130	15	10					1	90	1000	0	405	180	0	1
1467	惭恩客之斩衣装	4	0	100	22647					2	131	75	20	2	131	33	50	2	130	23	1	2	130	15	10					1	90	1000	0	405	180	0	1
1468	惭恩客之斩衣装	4	0	100	22648					2	131	75	20	2	131	34	50	2	130	23	1	2	130	15	10					1	90	1000	0	405	180	0	1
1469	惭恩客之斩衣装	4	0	100	22649					2	131	75	20	2	131	34	50	2	130	23	1	2	130	15	10					1	90	1000	0	405	180	0	1
1470	浣剑真人之御心衣	4	0	100	22650					2	131	75	20	2	131	34	50	2	130	23	1	2	130	15	10					1	90	1000	0	405	180	0	1
1471	浣剑真人之御心衣	4	0	100	22651					2	131	75	20	2	131	34	50	2	130	23	1	2	130	15	10					1	90	1000	0	405	180	0	1
1472	本如法师之法华装	4	0	101	22582					2	131	76	20	2	131	33	50	2	130	23	1	2	130	15	10					1	90	1000	0	405	180	0	1
1473	本如法师之法华装	4	0	101	22583					2	131	76	20	2	131	33	50	2	130	23	1	2	130	15	10					1	90	1000	0	405	180	0	1
1474	大慧禅师之无心装	4	0	101	22584					2	131	76	20	2	131	33	50	2	130	23	1	2	130	15	10					1	90	1000	0	405	180	0	1
1475	大慧禅师之无心装	4	0	101	22585					2	131	76	20	2	131	33	50	2	130	23	1	2	130	15	10					1	90	1000	0	405	180	0	1
1476	青灯法师之离俗装	4	0	101	22586					2	131	76	20	2	131	33	50	2	130	23	1	2	130	15	10					1	90	1000	0	405	180	0	1
1477	青灯法师之离俗装	4	0	101	22587					2	131	76	20	2	131	33	50	2	130	23	1	2	130	15	10					1	90	1000	0	405	180	0	1
1478	千机隐士之漆身装	4	0	101	22588					2	131	76	20	2	131	33	50	2	130	23	1	2	130	15	10					1	90	1000	0	405	180	0	1
1479	千机隐士之漆身装	4	0	101	22589					2	131	76	20	2	131	33	50	2	130	23	1	2	130	15	10					1	90	1000	0	405	180	0	1
1480	千机隐士之漆身装	4	0	101	22590					2	131	76	20	2	131	34	50	2	130	23	1	2	130	15	10					1	90	1000	0	405	180	0	1
1481	千机隐士之漆身装	4	0	101	22591					2	131	76	20	2	131	34	50	2	130	23	1	2	130	15	10					1	90	1000	0	405	180	0	1
1482	昙彻尼之幽隐装	4	0	101	22592					2	131	76	20	2	131	34	50	2	130	23	1	2	130	15	10					1	90	1000	0	405	180	0	1
1483	昙彻尼之幽隐装	4	0	101	22593					2	131	76	20	2	131	34	50	2	130	23	1	2	130	15	10					1	90	1000	0	405	180	0	1
1484	古琴圣之绕梁装	4	0	101	22594					2	131	76	20	2	131	34	50	2	130	23	1	2	130	15	10					1	90	1000	0	405	180	0	1
1485	古琴圣之绕梁装	4	0	101	22595					2	131	76	20	2	131	34	50	2	130	23	1	2	130	15	10					1	90	1000	0	405	180	0	1
1486	传功长老之四海装	4	0	101	22596					2	131	76	20	2	131	33	50	2	130	23	1	2	130	15	10					1	90	1000	0	405	180	0	1
1487	传功长老之四海装	4	0	101	22597					2	131	76	20	2	131	33	50	2	130	23	1	2	130	15	10					1	90	1000	0	405	180	0	1
1488	传功长老之四海装	4	0	101	22598					2	131	76	20	2	131	34	50	2	130	23	1	2	130	15	10					1	90	1000	0	405	180	0	1
1489	传功长老之四海装	4	0	101	22599					2	131	76	20	2	131	34	50	2	130	23	1	2	130	15	10					1	90	1000	0	405	180	0	1
1490	掌钵长老之穷楼装	4	0	101	22600					2	131	76	20	2	131	33	50	2	130	23	1	2	130	15	10					1	90	1000	0	405	180	0	1
1491	掌钵长老之穷楼装	4	0	101	22601					2	131	76	20	2	131	33	50	2	130	23	1	2	130	15	10					1	90	1000	0	405	180	0	1
1492	掌钵长老之穷楼装	4	0	101	22602					2	131	76	20	2	131	34	50	2	130	23	1	2	130	15	10					1	90	1000	0	405	180	0	1
1493	掌钵长老之穷楼装	4	0	101	22603					2	131	76	20	2	131	34	50	2	130	23	1	2	130	15	10					1	90	1000	0	405	180	0	1
1494	太清真人之道德装	4	0	101	22604					2	131	76	20	2	131	33	50	2	130	23	1	2	130	15	10					1	90	1000	0	405	180	0	1
1495	太清真人之道德装	4	0	101	22605					2	131	76	20	2	131	33	50	2	130	23	1	2	130	15	10					1	90	1000	0	405	180	0	1
1496	太清真人之道德装	4	0	101	22606					2	131	76	20	2	131	34	50	2	130	23	1	2	130	15	10					1	90	1000	0	405	180	0	1
1497	太清真人之道德装	4	0	101	22607					2	131	76	20	2	131	34	50	2	130	23	1	2	130	15	10					1	90	1000	0	405	180	0	1
1498	通天教主之诛仙装	4	0	101	22608					2	131	76	20	2	131	33	50	2	130	23	1	2	130	15	10					1	90	1000	0	405	180	0	1
1499	通天教主之诛仙装	4	0	101	22609					2	131	76	20	2	131	33	50	2	130	23	1	2	130	15	10					1	90	1000	0	405	180	0	1
1500	通天教主之诛仙装	4	0	101	22610					2	131	76	20	2	131	34	50	2	130	23	1	2	130	15	10					1	90	1000	0	405	180	0	1
1501	通天教主之诛仙装	4	0	101	22611					2	131	76	20	2	131	34	50	2	130	23	1	2	130	15	10					1	90	1000	0	405	180	0	1
1502	征南元帅之龙神腿甲	4	0	101	22612					2	131	76	20	2	131	33	50	2	130	23	1	2	130	15	10					1	90	1000	0	405	180	0	1
1503	征南元帅之龙神腿甲	4	0	101	22613					2	131	76	20	2	131	33	50	2	130	23	1	2	130	15	10					1	90	1000	0	405	180	0	1
1504	征南元帅之龙神腿甲	4	0	101	22614					2	131	76	20	2	131	34	50	2	130	23	1	2	130	15	10					1	90	1000	0	405	180	0	1
1505	征南元帅之龙神腿甲	4	0	101	22615					2	131	76	20	2	131	34	50	2	130	23	1	2	130	15	10					1	90	1000	0	405	180	0	1
1506	镇北元帅之虞候腿甲	4	0	101	22616					2	131	76	20	2	131	33	50	2	130	23	1	2	130	15	10					1	90	1000	0	405	180	0	1
1507	镇北元帅之虞候腿甲	4	0	101	22617					2	131	76	20	2	131	33	50	2	130	23	1	2	130	15	10					1	90	1000	0	405	180	0	1
1508	镇北元帅之虞候腿甲	4	0	101	22618					2	131	76	20	2	131	34	50	2	130	23	1	2	130	15	10					1	90	1000	0	405	180	0	1
1509	镇北元帅之虞候腿甲	4	0	101	22619					2	131	76	20	2	131	34	50	2	130	23	1	2	130	15	10					1	90	1000	0	405	180	0	1
1510	吞月尊者之贪狼装	4	0	101	22620					2	131	76	20	2	131	33	50	2	130	23	1	2	130	15	10					1	90	1000	0	405	180	0	1
1511	吞月尊者之贪狼装	4	0	101	22621					2	131	76	20	2	131	33	50	2	130	23	1	2	130	15	10					1	90	1000	0	405	180	0	1
1512	吞月尊者之贪狼装	4	0	101	22622					2	131	76	20	2	131	34	50	2	130	23	1	2	130	15	10					1	90	1000	0	405	180	0	1
1513	吞月尊者之贪狼装	4	0	101	22623					2	131	76	20	2	131	34	50	2	130	23	1	2	130	15	10					1	90	1000	0	405	180	0	1
1514	蛊王尊者之百足装	4	0	101	22624					2	131	76	20	2	131	33	50	2	130	23	1	2	130	15	10					1	90	1000	0	405	180	0	1
1515	蛊王尊者之百足装	4	0	101	22625					2	131	76	20	2	131	33	50	2	130	23	1	2	130	15	10					1	90	1000	0	405	180	0	1
1516	蛊王尊者之百足装	4	0	101	22626					2	131	76	20	2	131	34	50	2	130	23	1	2	130	15	10					1	90	1000	0	405	180	0	1
1517	蛊王尊者之百足装	4	0	101	22627					2	131	76	20	2	131	34	50	2	130	23	1	2	130	15	10					1	90	1000	0	405	180	0	1
1518	龙虎真人之正一装	4	0	101	22628					2	131	76	20	2	131	34	50	2	130	23	1	2	130	15	10					1	90	1000	0	405	180	0	1
1519	龙虎真人之正一装	4	0	101	22629					2	131	76	20	2	131	34	50	2	130	23	1	2	130	15	10					1	90	1000	0	405	180	0	1
1520	大明尊者之寂灭装	4	0	101	22630					2	131	76	20	2	131	33	50	2	130	23	1	2	130	15	10					1	90	1000	0	405	180	0	1
1521	大明尊者之寂灭装	4	0	101	22631					2	131	76	20	2	131	33	50	2	130	23	1	2	130	15	10					1	90	1000	0	405	180	0	1
1522	大明尊者之寂灭装	4	0	101	22632					2	131	76	20	2	131	34	50	2	130	23	1	2	130	15	10					1	90	1000	0	405	180	0	1
1523	大明尊者之寂灭装	4	0	101	22633					2	131	76	20	2	131	34	50	2	130	23	1	2	130	15	10					1	90	1000	0	405	180	0	1
1524	护法尊者之出阵装	4	0	101	22634					2	131	76	20	2	131	33	50	2	130	23	1	2	130	15	10					1	90	1000	0	405	180	0	1
1525	护法尊者之出阵装	4	0	101	22635					2	131	76	20	2	131	33	50	2	130	23	1	2	130	15	10					1	90	1000	0	405	180	0	1
1526	护法尊者之出阵装	4	0	101	22636					2	131	76	20	2	131	34	50	2	130	23	1	2	130	15	10					1	90	1000	0	405	180	0	1
1527	护法尊者之出阵装	4	0	101	22637					2	131	76	20	2	131	34	50	2	130	23	1	2	130	15	10					1	90	1000	0	405	180	0	1
1528	摩尼尊者之四果装	4	0	101	22638					2	131	76	20	2	131	33	50	2	130	23	1	2	130	15	10					1	90	1000	0	405	180	0	1
1529	摩尼尊者之四果装	4	0	101	22639					2	131	76	20	2	131	33	50	2	130	23	1	2	130	15	10					1	90	1000	0	405	180	0	1
1530	摩尼尊者之四果装	4	0	101	22640					2	131	76	20	2	131	34	50	2	130	23	1	2	130	15	10					1	90	1000	0	405	180	0	1
1531	摩尼尊者之四果装	4	0	101	22641					2	131	76	20	2	131	34	50	2	130	23	1	2	130	15	10					1	90	1000	0	405	180	0	1
1532	翠微仙子之绿竹装	4	0	101	22642					2	131	76	20	2	131	34	50	2	130	23	1	2	130	15	10					1	90	1000	0	405	180	0	1
1533	翠微仙子之绿竹装	4	0	101	22643					2	131	76	20	2	131	34	50	2	130	23	1	2	130	15	10					1	90	1000	0	405	180	0	1
1534	天香仙子之芙蓉装	4	0	101	22644					2	131	76	20	2	131	34	50	2	130	23	1	2	130	15	10					1	90	1000	0	405	180	0	1
1535	天香仙子之芙蓉装	4	0	101	22645					2	131	76	20	2	131	34	50	2	130	23	1	2	130	15	10					1	90	1000	0	405	180	0	1
1536	惭恩客之斩衣裤	4	0	101	22646					2	131	76	20	2	131	33	50	2	130	23	1	2	130	15	10					1	90	1000	0	405	180	0	1
1537	惭恩客之斩衣裤	4	0	101	22647					2	131	76	20	2	131	33	50	2	130	23	1	2	130	15	10					1	90	1000	0	405	180	0	1
1538	惭恩客之斩衣裙	4	0	101	22648					2	131	76	20	2	131	34	50	2	130	23	1	2	130	15	10					1	90	1000	0	405	180	0	1
1539	惭恩客之斩衣裙	4	0	101	22649					2	131	76	20	2	131	34	50	2	130	23	1	2	130	15	10					1	90	1000	0	405	180	0	1
1540	浣剑真人之御心装	4	0	101	22650					2	131	76	20	2	131	34	50	2	130	23	1	2	130	15	10					1	90	1000	0	405	180	0	1
1541	浣剑真人之御心装	4	0	101	22651					2	131	76	20	2	131	34	50	2	130	23	1	2	130	15	10					1	90	1000	0	405	180	0	1
1542	本如法师之法华戒	5	0	102	22655					2	131	21	20	2	131	39	50	2	2	103	1	2	130	18	5					1	90	1000	0	505	180	0	1
1543	本如法师之法华戒	5	0	102	22656					2	131	21	20	2	131	39	50	2	2	103	1	2	130	18	5					1	90	1000	0	505	180	0	1
1544	本如法师之法华佩	5	0	102	22657					2	131	18	20	2	131	39	50	2	2	103	1	2	130	18	5					1	90	1000	0	505	180	0	1
1545	本如法师之法华佩	5	0	102	22658					2	131	18	20	2	131	39	50	2	2	103	1	2	130	18	5					1	90	1000	0	505	180	0	1
1546	大慧禅师之无心戒	5	0	102	22659					2	131	21	20	2	131	39	50	2	2	103	1	2	130	18	5					1	90	1000	0	505	180	0	1
1547	大慧禅师之无心戒	5	0	102	22660					2	131	21	20	2	131	39	50	2	2	103	1	2	130	18	5					1	90	1000	0	505	180	0	1
1548	大慧禅师之无心佩	5	0	102	22661					2	131	18	20	2	131	39	50	2	2	103	1	2	130	18	5					1	90	1000	0	505	180	0	1
1549	大慧禅师之无心佩	5	0	102	22662					2	131	18	20	2	131	39	50	2	2	103	1	2	130	18	5					1	90	1000	0	505	180	0	1
1550	青灯法师之离俗戒	5	0	102	22663					2	131	21	20	2	131	39	50	2	2	103	1	2	130	18	5					1	90	1000	0	505	180	0	1
1551	青灯法师之离俗戒	5	0	102	22664					2	131	21	20	2	131	39	50	2	2	103	1	2	130	18	5					1	90	1000	0	505	180	0	1
1552	青灯法师之离俗佩	5	0	102	22665					2	131	18	20	2	131	39	50	2	2	103	1	2	130	18	5					1	90	1000	0	505	180	0	1
1553	青灯法师之离俗佩	5	0	102	22666					2	131	18	20	2	131	39	50	2	2	103	1	2	130	18	5					1	90	1000	0	505	180	0	1
1554	千机隐士之漆身戒	5	0	102	22667					2	131	21	20	2	131	39	50	2	2	103	1	2	130	18	5					1	90	1000	0	505	180	0	1
1555	千机隐士之漆身戒	5	0	102	22668					2	131	21	20	2	131	39	50	2	2	103	1	2	130	18	5					1	90	1000	0	505	180	0	1
1556	千机隐士之漆身戒	5	0	102	22669					2	131	21	20	2	131	39	50	2	2	103	1	2	130	18	5					1	90	1000	0	505	180	0	1
1557	千机隐士之漆身戒	5	0	102	22670					2	131	21	20	2	131	39	50	2	2	103	1	2	130	18	5					1	90	1000	0	505	180	0	1
1558	千机隐士之漆身佩	5	0	102	22671					2	131	18	20	2	131	39	50	2	2	103	1	2	130	18	5					1	90	1000	0	505	180	0	1
1559	千机隐士之漆身佩	5	0	102	22672					2	131	18	20	2	131	39	50	2	2	103	1	2	130	18	5					1	90	1000	0	505	180	0	1
1560	千机隐士之漆身佩	5	0	102	22673					2	131	18	20	2	131	39	50	2	2	103	1	2	130	18	5					1	90	1000	0	505	180	0	1
1561	千机隐士之漆身佩	5	0	102	22674					2	131	18	20	2	131	39	50	2	2	103	1	2	130	18	5					1	90	1000	0	505	180	0	1
1562	昙彻尼之幽隐戒	5	0	102	22675					2	131	21	20	2	131	39	50	2	2	103	1	2	130	18	5					1	90	1000	0	505	180	0	1
1563	昙彻尼之幽隐戒	5	0	102	22676					2	131	21	20	2	131	39	50	2	2	103	1	2	130	18	5					1	90	1000	0	505	180	0	1
1564	昙彻尼之幽隐佩	5	0	102	22677					2	131	18	20	2	131	39	50	2	2	103	1	2	130	18	5					1	90	1000	0	505	180	0	1
1565	昙彻尼之幽隐佩	5	0	102	22678					2	131	18	20	2	131	39	50	2	2	103	1	2	130	18	5					1	90	1000	0	505	180	0	1
1566	古琴圣之绕梁戒	5	0	102	22679					2	131	21	20	2	131	39	50	2	2	103	1	2	130	18	5					1	90	1000	0	505	180	0	1
1567	古琴圣之绕梁戒	5	0	102	22680					2	131	21	20	2	131	39	50	2	2	103	1	2	130	18	5					1	90	1000	0	505	180	0	1
1568	古琴圣之绕梁佩	5	0	102	22681					2	131	18	20	2	131	39	50	2	2	103	1	2	130	18	5					1	90	1000	0	505	180	0	1
1569	古琴圣之绕梁佩	5	0	102	22682					2	131	18	20	2	131	39	50	2	2	103	1	2	130	18	5					1	90	1000	0	505	180	0	1
1570	传功长老之四海戒	5	0	102	22683					2	131	21	20	2	131	39	50	2	2	103	1	2	130	18	5					1	90	1000	0	505	180	0	1
1571	传功长老之四海戒	5	0	102	22684					2	131	21	20	2	131	39	50	2	2	103	1	2	130	18	5					1	90	1000	0	505	180	0	1
1572	传功长老之四海戒	5	0	102	22685					2	131	21	20	2	131	39	50	2	2	103	1	2	130	18	5					1	90	1000	0	505	180	0	1
1573	传功长老之四海戒	5	0	102	22686					2	131	21	20	2	131	39	50	2	2	103	1	2	130	18	5					1	90	1000	0	505	180	0	1
1574	传功长老之四海佩	5	0	102	22687					2	131	18	20	2	131	39	50	2	2	103	1	2	130	18	5					1	90	1000	0	505	180	0	1
1575	传功长老之四海佩	5	0	102	22688					2	131	18	20	2	131	39	50	2	2	103	1	2	130	18	5					1	90	1000	0	505	180	0	1
1576	传功长老之四海佩	5	0	102	22689					2	131	18	20	2	131	39	50	2	2	103	1	2	130	18	5					1	90	1000	0	505	180	0	1
1577	传功长老之四海佩	5	0	102	22690					2	131	18	20	2	131	39	50	2	2	103	1	2	130	18	5					1	90	1000	0	505	180	0	1
1578	掌钵长老之穷楼戒	5	0	102	22691					2	131	21	20	2	131	39	50	2	2	103	1	2	130	18	5					1	90	1000	0	505	180	0	1
1579	掌钵长老之穷楼戒	5	0	102	22692					2	131	21	20	2	131	39	50	2	2	103	1	2	130	18	5					1	90	1000	0	505	180	0	1
1580	掌钵长老之穷楼戒	5	0	102	22693					2	131	21	20	2	131	39	50	2	2	103	1	2	130	18	5					1	90	1000	0	505	180	0	1
1581	掌钵长老之穷楼戒	5	0	102	22694					2	131	21	20	2	131	39	50	2	2	103	1	2	130	18	5					1	90	1000	0	505	180	0	1
1582	掌钵长老之穷楼佩	5	0	102	22695					2	131	18	20	2	131	39	50	2	2	103	1	2	130	18	5					1	90	1000	0	505	180	0	1
1583	掌钵长老之穷楼佩	5	0	102	22696					2	131	18	20	2	131	39	50	2	2	103	1	2	130	18	5					1	90	1000	0	505	180	0	1
1584	掌钵长老之穷楼佩	5	0	102	22697					2	131	18	20	2	131	39	50	2	2	103	1	2	130	18	5					1	90	1000	0	505	180	0	1
1585	掌钵长老之穷楼佩	5	0	102	22698					2	131	18	20	2	131	39	50	2	2	103	1	2	130	18	5					1	90	1000	0	505	180	0	1
1586	太清真人之道德戒	5	0	102	22699					2	131	21	20	2	131	39	50	2	2	103	1	2	130	18	5					1	90	1000	0	505	180	0	1
1587	太清真人之道德戒	5	0	102	22700					2	131	21	20	2	131	39	50	2	2	103	1	2	130	18	5					1	90	1000	0	505	180	0	1
1588	太清真人之道德戒	5	0	102	22701					2	131	21	20	2	131	39	50	2	2	103	1	2	130	18	5					1	90	1000	0	505	180	0	1
1589	太清真人之道德戒	5	0	102	22702					2	131	21	20	2	131	39	50	2	2	103	1	2	130	18	5					1	90	1000	0	505	180	0	1
1590	太清真人之道德佩	5	0	102	22703					2	131	18	20	2	131	39	50	2	2	103	1	2	130	18	5					1	90	1000	0	505	180	0	1
1591	太清真人之道德佩	5	0	102	22704					2	131	18	20	2	131	39	50	2	2	103	1	2	130	18	5					1	90	1000	0	505	180	0	1
1592	太清真人之道德佩	5	0	102	22705					2	131	18	20	2	131	39	50	2	2	103	1	2	130	18	5					1	90	1000	0	505	180	0	1
1593	太清真人之道德佩	5	0	102	22706					2	131	18	20	2	131	39	50	2	2	103	1	2	130	18	5					1	90	1000	0	505	180	0	1
1594	通天教主之诛仙戒	5	0	102	22707					2	131	21	20	2	131	39	50	2	2	103	1	2	130	18	5					1	90	1000	0	505	180	0	1
1595	通天教主之诛仙戒	5	0	102	22708					2	131	21	20	2	131	39	50	2	2	103	1	2	130	18	5					1	90	1000	0	505	180	0	1
1596	通天教主之诛仙戒	5	0	102	22709					2	131	21	20	2	131	39	50	2	2	103	1	2	130	18	5					1	90	1000	0	505	180	0	1
1597	通天教主之诛仙戒	5	0	102	22710					2	131	21	20	2	131	39	50	2	2	103	1	2	130	18	5					1	90	1000	0	505	180	0	1
1598	通天教主之诛仙佩	5	0	102	22711					2	131	18	20	2	131	39	50	2	2	103	1	2	130	18	5					1	90	1000	0	505	180	0	1
1599	通天教主之诛仙佩	5	0	102	22712					2	131	18	20	2	131	39	50	2	2	103	1	2	130	18	5					1	90	1000	0	505	180	0	1
1600	通天教主之诛仙佩	5	0	102	22713					2	131	18	20	2	131	39	50	2	2	103	1	2	130	18	5					1	90	1000	0	505	180	0	1
1601	通天教主之诛仙佩	5	0	102	22714					2	131	18	20	2	131	39	50	2	2	103	1	2	130	18	5					1	90	1000	0	505	180	0	1
1602	征南元帅之龙神戒	5	0	102	22715					2	131	21	20	2	131	39	50	2	2	103	1	2	130	18	5					1	90	1000	0	505	180	0	1
1603	征南元帅之龙神戒	5	0	102	22716					2	131	21	20	2	131	39	50	2	2	103	1	2	130	18	5					1	90	1000	0	505	180	0	1
1604	征南元帅之龙神戒	5	0	102	22717					2	131	21	20	2	131	39	50	2	2	103	1	2	130	18	5					1	90	1000	0	505	180	0	1
1605	征南元帅之龙神戒	5	0	102	22718					2	131	21	20	2	131	39	50	2	2	103	1	2	130	18	5					1	90	1000	0	505	180	0	1
1606	征南元帅之龙神佩	5	0	102	22719					2	131	18	20	2	131	39	50	2	2	103	1	2	130	18	5					1	90	1000	0	505	180	0	1
1607	征南元帅之龙神佩	5	0	102	22720					2	131	18	20	2	131	39	50	2	2	103	1	2	130	18	5					1	90	1000	0	505	180	0	1
1608	征南元帅之龙神佩	5	0	102	22721					2	131	18	20	2	131	39	50	2	2	103	1	2	130	18	5					1	90	1000	0	505	180	0	1
1609	征南元帅之龙神佩	5	0	102	22722					2	131	18	20	2	131	39	50	2	2	103	1	2	130	18	5					1	90	1000	0	505	180	0	1
1610	镇北元帅之虞候戒	5	0	102	22723					2	131	21	20	2	131	39	50	2	2	103	1	2	130	18	5					1	90	1000	0	505	180	0	1
1611	镇北元帅之虞候戒	5	0	102	22724					2	131	21	20	2	131	39	50	2	2	103	1	2	130	18	5					1	90	1000	0	505	180	0	1
1612	镇北元帅之虞候戒	5	0	102	22725					2	131	21	20	2	131	39	50	2	2	103	1	2	130	18	5					1	90	1000	0	505	180	0	1
1613	镇北元帅之虞候戒	5	0	102	22726					2	131	21	20	2	131	39	50	2	2	103	1	2	130	18	5					1	90	1000	0	505	180	0	1
1614	镇北元帅之虞候佩	5	0	102	22727					2	131	18	20	2	131	39	50	2	2	103	1	2	130	18	5					1	90	1000	0	505	180	0	1
1615	镇北元帅之虞候佩	5	0	102	22728					2	131	18	20	2	131	39	50	2	2	103	1	2	130	18	5					1	90	1000	0	505	180	0	1
1616	镇北元帅之虞候佩	5	0	102	22729					2	131	18	20	2	131	39	50	2	2	103	1	2	130	18	5					1	90	1000	0	505	180	0	1
1617	镇北元帅之虞候佩	5	0	102	22730					2	131	18	20	2	131	39	50	2	2	103	1	2	130	18	5					1	90	1000	0	505	180	0	1
1618	吞月尊者之贪狼戒	5	0	102	22731					2	131	21	20	2	131	39	50	2	2	103	1	2	130	18	5					1	90	1000	0	505	180	0	1
1619	吞月尊者之贪狼戒	5	0	102	22732					2	131	21	20	2	131	39	50	2	2	103	1	2	130	18	5					1	90	1000	0	505	180	0	1
1620	吞月尊者之贪狼戒	5	0	102	22733					2	131	21	20	2	131	39	50	2	2	103	1	2	130	18	5					1	90	1000	0	505	180	0	1
1621	吞月尊者之贪狼戒	5	0	102	22734					2	131	21	20	2	131	39	50	2	2	103	1	2	130	18	5					1	90	1000	0	505	180	0	1
1622	吞月尊者之贪狼佩	5	0	102	22735					2	131	18	20	2	131	39	50	2	2	103	1	2	130	18	5					1	90	1000	0	505	180	0	1
1623	吞月尊者之贪狼佩	5	0	102	22736					2	131	18	20	2	131	39	50	2	2	103	1	2	130	18	5					1	90	1000	0	505	180	0	1
1624	吞月尊者之贪狼佩	5	0	102	22737					2	131	18	20	2	131	39	50	2	2	103	1	2	130	18	5					1	90	1000	0	505	180	0	1
1625	吞月尊者之贪狼佩	5	0	102	22738					2	131	18	20	2	131	39	50	2	2	103	1	2	130	18	5					1	90	1000	0	505	180	0	1
1626	蛊王尊者之百足戒	5	0	102	22739					2	131	21	20	2	131	39	50	2	2	103	1	2	130	18	5					1	90	1000	0	505	180	0	1
1627	蛊王尊者之百足戒	5	0	102	22740					2	131	21	20	2	131	39	50	2	2	103	1	2	130	18	5					1	90	1000	0	505	180	0	1
1628	蛊王尊者之百足戒	5	0	102	22741					2	131	21	20	2	131	39	50	2	2	103	1	2	130	18	5					1	90	1000	0	505	180	0	1
1629	蛊王尊者之百足戒	5	0	102	22742					2	131	21	20	2	131	39	50	2	2	103	1	2	130	18	5					1	90	1000	0	505	180	0	1
1630	蛊王尊者之百足佩	5	0	102	22743					2	131	18	20	2	131	39	50	2	2	103	1	2	130	18	5					1	90	1000	0	505	180	0	1
1631	蛊王尊者之百足佩	5	0	102	22744					2	131	18	20	2	131	39	50	2	2	103	1	2	130	18	5					1	90	1000	0	505	180	0	1
1632	蛊王尊者之百足佩	5	0	102	22745					2	131	18	20	2	131	39	50	2	2	103	1	2	130	18	5					1	90	1000	0	505	180	0	1
1633	蛊王尊者之百足佩	5	0	102	22746					2	131	18	20	2	131	39	50	2	2	103	1	2	130	18	5					1	90	1000	0	505	180	0	1
1634	龙虎真人之正一戒	5	0	102	22747					2	131	21	20	2	131	39	50	2	2	103	1	2	130	18	5					1	90	1000	0	505	180	0	1
1635	龙虎真人之正一戒	5	0	102	22748					2	131	21	20	2	131	39	50	2	2	103	1	2	130	18	5					1	90	1000	0	505	180	0	1
1636	龙虎真人之正一佩	5	0	102	22749					2	131	18	20	2	131	39	50	2	2	103	1	2	130	18	5					1	90	1000	0	505	180	0	1
1637	龙虎真人之正一佩	5	0	102	22750					2	131	18	20	2	131	39	50	2	2	103	1	2	130	18	5					1	90	1000	0	505	180	0	1
1638	大明尊者之寂灭戒	5	0	102	22751					2	131	21	20	2	131	39	50	2	2	103	1	2	130	18	5					1	90	1000	0	505	180	0	1
1639	大明尊者之寂灭戒	5	0	102	22752					2	131	21	20	2	131	39	50	2	2	103	1	2	130	18	5					1	90	1000	0	505	180	0	1
1640	大明尊者之寂灭戒	5	0	102	22753					2	131	21	20	2	131	39	50	2	2	103	1	2	130	18	5					1	90	1000	0	505	180	0	1
1641	大明尊者之寂灭戒	5	0	102	22754					2	131	21	20	2	131	39	50	2	2	103	1	2	130	18	5					1	90	1000	0	505	180	0	1
1642	大明尊者之寂灭佩	5	0	102	22755					2	131	18	20	2	131	39	50	2	2	103	1	2	130	18	5					1	90	1000	0	505	180	0	1
1643	大明尊者之寂灭佩	5	0	102	22756					2	131	18	20	2	131	39	50	2	2	103	1	2	130	18	5					1	90	1000	0	505	180	0	1
1644	大明尊者之寂灭佩	5	0	102	22757					2	131	18	20	2	131	39	50	2	2	103	1	2	130	18	5					1	90	1000	0	505	180	0	1
1645	大明尊者之寂灭佩	5	0	102	22758					2	131	18	20	2	131	39	50	2	2	103	1	2	130	18	5					1	90	1000	0	505	180	0	1
1646	护法尊者之出阵戒	5	0	102	22759					2	131	21	20	2	131	39	50	2	2	103	1	2	130	18	5					1	90	1000	0	505	180	0	1
1647	护法尊者之出阵戒	5	0	102	22760					2	131	21	20	2	131	39	50	2	2	103	1	2	130	18	5					1	90	1000	0	505	180	0	1
1648	护法尊者之出阵戒	5	0	102	22761					2	131	21	20	2	131	39	50	2	2	103	1	2	130	18	5					1	90	1000	0	505	180	0	1
1649	护法尊者之出阵戒	5	0	102	22762					2	131	21	20	2	131	39	50	2	2	103	1	2	130	18	5					1	90	1000	0	505	180	0	1
1650	护法尊者之出阵佩	5	0	102	22763					2	131	18	20	2	131	39	50	2	2	103	1	2	130	18	5					1	90	1000	0	505	180	0	1
1651	护法尊者之出阵佩	5	0	102	22764					2	131	18	20	2	131	39	50	2	2	103	1	2	130	18	5					1	90	1000	0	505	180	0	1
1652	护法尊者之出阵佩	5	0	102	22765					2	131	18	20	2	131	39	50	2	2	103	1	2	130	18	5					1	90	1000	0	505	180	0	1
1653	护法尊者之出阵佩	5	0	102	22766					2	131	18	20	2	131	39	50	2	2	103	1	2	130	18	5					1	90	1000	0	505	180	0	1
1654	摩尼尊者之四果戒	5	0	102	22767					2	131	21	20	2	131	39	50	2	2	103	1	2	130	18	5					1	90	1000	0	505	180	0	1
1655	摩尼尊者之四果戒	5	0	102	22768					2	131	21	20	2	131	39	50	2	2	103	1	2	130	18	5					1	90	1000	0	505	180	0	1
1656	摩尼尊者之四果戒	5	0	102	22769					2	131	21	20	2	131	39	50	2	2	103	1	2	130	18	5					1	90	1000	0	505	180	0	1
1657	摩尼尊者之四果戒	5	0	102	22770					2	131	21	20	2	131	39	50	2	2	103	1	2	130	18	5					1	90	1000	0	505	180	0	1
1658	摩尼尊者之四果佩	5	0	102	22771					2	131	18	20	2	131	39	50	2	2	103	1	2	130	18	5					1	90	1000	0	505	180	0	1
1659	摩尼尊者之四果佩	5	0	102	22772					2	131	18	20	2	131	39	50	2	2	103	1	2	130	18	5					1	90	1000	0	505	180	0	1
1660	摩尼尊者之四果佩	5	0	102	22773					2	131	18	20	2	131	39	50	2	2	103	1	2	130	18	5					1	90	1000	0	505	180	0	1
1661	摩尼尊者之四果佩	5	0	102	22774					2	131	18	20	2	131	39	50	2	2	103	1	2	130	18	5					1	90	1000	0	505	180	0	1
1662	翠微仙子之绿竹戒	5	0	102	22775					2	131	21	20	2	131	39	50	2	2	103	1	2	130	18	5					1	90	1000	0	505	180	0	1
1663	翠微仙子之绿竹戒	5	0	102	22776					2	131	21	20	2	131	39	50	2	2	103	1	2	130	18	5					1	90	1000	0	505	180	0	1
1664	翠微仙子之绿竹佩	5	0	102	22777					2	131	18	20	2	131	39	50	2	2	103	1	2	130	18	5					1	90	1000	0	505	180	0	1
1665	翠微仙子之绿竹佩	5	0	102	22778					2	131	18	20	2	131	39	50	2	2	103	1	2	130	18	5					1	90	1000	0	505	180	0	1
1666	天香仙子之芙蓉戒	5	0	102	22779					2	131	21	20	2	131	39	50	2	2	103	1	2	130	18	5					1	90	1000	0	505	180	0	1
1667	天香仙子之芙蓉戒	5	0	102	22780					2	131	21	20	2	131	39	50	2	2	103	1	2	130	18	5					1	90	1000	0	505	180	0	1
1668	天香仙子之芙蓉佩	5	0	102	22781					2	131	18	20	2	131	39	50	2	2	103	1	2	130	18	5					1	90	1000	0	505	180	0	1
1669	天香仙子之芙蓉佩	5	0	102	22782					2	131	18	20	2	131	39	50	2	2	103	1	2	130	18	5					1	90	1000	0	505	180	0	1
1670	惭恩客之斩衣戒	5	0	102	22783					2	131	21	20	2	131	39	50	2	2	103	1	2	130	18	5					1	90	1000	0	505	180	0	1
1671	惭恩客之斩衣戒	5	0	102	22784					2	131	21	20	2	131	39	50	2	2	103	1	2	130	18	5					1	90	1000	0	505	180	0	1
1672	惭恩客之斩衣戒	5	0	102	22785					2	131	21	20	2	131	39	50	2	2	103	1	2	130	18	5					1	90	1000	0	505	180	0	1
1673	惭恩客之斩衣戒	5	0	102	22786					2	131	21	20	2	131	39	50	2	2	103	1	2	130	18	5					1	90	1000	0	505	180	0	1
1674	惭恩客之斩衣佩	5	0	102	22787					2	131	18	20	2	131	39	50	2	2	103	1	2	130	18	5					1	90	1000	0	505	180	0	1
1675	惭恩客之斩衣佩	5	0	102	22788					2	131	18	20	2	131	39	50	2	2	103	1	2	130	18	5					1	90	1000	0	505	180	0	1
1676	惭恩客之斩衣佩	5	0	102	22789					2	131	18	20	2	131	39	50	2	2	103	1	2	130	18	5					1	90	1000	0	505	180	0	1
1677	惭恩客之斩衣佩	5	0	102	22790					2	131	18	20	2	131	39	50	2	2	103	1	2	130	18	5					1	90	1000	0	505	180	0	1
1678	浣剑真人之御心戒	5	0	102	22791					2	131	21	20	2	131	39	50	2	2	103	1	2	130	18	5					1	90	1000	0	505	180	0	1
1679	浣剑真人之御心戒	5	0	102	22792					2	131	21	20	2	131	39	50	2	2	103	1	2	130	18	5					1	90	1000	0	505	180	0	1
1680	浣剑真人之御心佩	5	0	102	22793					2	131	18	20	2	131	39	50	2	2	103	1	2	130	18	5					1	90	1000	0	505	180	0	1
1681	浣剑真人之御心佩	5	0	102	22794					2	131	18	20	2	131	39	50	2	2	103	1	2	130	18	5					1	90	1000	0	505	180	0	1
1682	本如法师之法华刀	3	0	3	140					2	2	58	100	2	131	22	300	2	2	108	2	2	102	165	10					1	90	1000	0	305	180	0	1
1683	本如法师之法华刀	3	0	3	141					2	2	58	100	2	131	22	300	2	2	108	2	2	102	165	10					1	90	1000	0	305	180	0	1
1684	大慧禅师之无心杖	3	0	8	142					2	2	58	100	2	131	22	300	2	2	108	2	2	102	165	10					1	90	1000	0	305	180	0	1
1685	大慧禅师之无心杖	3	0	8	143					2	2	58	100	2	131	22	300	2	2	108	2	2	102	165	10					1	90	1000	0	305	180	0	1
1686	青灯法师之离俗手	3	0	0	144					2	2	58	100	2	131	22	300	2	2	108	2	2	102	165	10					1	90	1000	0	305	180	0	1
1687	青灯法师之离俗手	3	0	0	145					2	2	58	100	2	131	22	300	2	2	108	2	2	102	165	10					1	90	1000	0	305	180	0	1
1688	千机隐士之漆身暗器	3	0	1	146					2	2	58	100	2	131	22	300	2	2	108	2	2	102	165	10					1	90	1000	0	305	180	0	1
1689	千机隐士之漆身暗器	3	0	1	147					2	2	58	100	2	131	22	300	2	2	108	2	2	102	165	10					1	90	1000	0	305	180	0	1
1690	千机隐士之漆身暗器	3	0	1	148					2	2	58	100	2	131	22	300	2	2	108	2	2	102	165	10					1	90	1000	0	305	180	0	1
1691	千机隐士之漆身暗器	3	0	1	149					2	2	58	100	2	131	22	300	2	2	108	2	2	102	165	10					1	90	1000	0	305	180	0	1
1692	昙彻尼之幽隐剑	3	0	2	150					2	2	58	100	2	131	22	300	2	2	108	2	2	102	165	10					1	90	1000	0	305	180	0	1
1693	昙彻尼之幽隐剑	3	0	2	151					2	2	58	100	2	131	22	300	2	2	108	2	2	102	165	10					1	90	1000	0	305	180	0	1
1694	古琴圣之绕梁琴	3	0	10	152					2	2	58	100	2	131	22	300	2	2	108	2	2	102	165	10					1	90	1000	0	305	180	0	1
1695	古琴圣之绕梁琴	3	0	10	153					2	2	58	100	2	131	22	300	2	2	108	2	2	102	165	10					1	90	1000	0	305	180	0	1
1696	传功长老之四海手	3	0	0	154					2	2	58	100	2	131	22	300	2	2	108	2	2	102	165	10					1	90	1000	0	305	180	0	1
1697	传功长老之四海手	3	0	0	155					2	2	58	100	2	131	22	300	2	2	108	2	2	102	165	10					1	90	1000	0	305	180	0	1
1698	传功长老之四海手	3	0	0	156					2	2	58	100	2	131	22	300	2	2	108	2	2	102	165	10					1	90	1000	0	305	180	0	1
1699	传功长老之四海手	3	0	0	157					2	2	58	100	2	131	22	300	2	2	108	2	2	102	165	10					1	90	1000	0	305	180	0	1
1700	掌钵长老之穷楼棍	3	0	5	158					2	2	58	100	2	131	22	300	2	2	108	2	2	102	165	10					1	90	1000	0	305	180	0	1
1701	掌钵长老之穷楼棍	3	0	5	159					2	2	58	100	2	131	22	300	2	2	108	2	2	102	165	10					1	90	1000	0	305	180	0	1
1702	掌钵长老之穷楼棍	3	0	5	160					2	2	58	100	2	131	22	300	2	2	108	2	2	102	165	10					1	90	1000	0	305	180	0	1
1703	掌钵长老之穷楼棍	3	0	5	161					2	2	58	100	2	131	22	300	2	2	108	2	2	102	165	10					1	90	1000	0	305	180	0	1
1704	太清真人之道德剑	3	0	2	162					2	2	58	100	2	131	22	300	2	2	108	2	2	102	165	10					1	90	1000	0	305	180	0	1
1705	太清真人之道德剑	3	0	2	163					2	2	58	100	2	131	22	300	2	2	108	2	2	102	165	10					1	90	1000	0	305	180	0	1
1706	太清真人之道德剑	3	0	2	164					2	2	58	100	2	131	22	300	2	2	108	2	2	102	165	10					1	90	1000	0	305	180	0	1
1707	太清真人之道德剑	3	0	2	165					2	2	58	100	2	131	22	300	2	2	108	2	2	102	165	10					1	90	1000	0	305	180	0	1
1708	通天教主之诛仙笔	3	0	9	166					2	2	58	100	2	131	22	300	2	2	108	2	2	102	165	10					1	90	1000	0	305	180	0	1
1709	通天教主之诛仙笔	3	0	9	167					2	2	58	100	2	131	22	300	2	2	108	2	2	102	165	10					1	90	1000	0	305	180	0	1
1710	通天教主之诛仙笔	3	0	9	168					2	2	58	100	2	131	22	300	2	2	108	2	2	102	165	10					1	90	1000	0	305	180	0	1
1711	通天教主之诛仙笔	3	0	9	169					2	2	58	100	2	131	22	300	2	2	108	2	2	102	165	10					1	90	1000	0	305	180	0	1
1712	征南元帅之龙神枪	3	0	6	170					2	2	58	100	2	131	22	300	2	2	108	2	2	102	165	10					1	90	1000	0	305	180	0	1
1713	征南元帅之龙神枪	3	0	6	171					2	2	58	100	2	131	22	300	2	2	108	2	2	102	165	10					1	90	1000	0	305	180	0	1
1714	征南元帅之龙神枪	3	0	6	172					2	2	58	100	2	131	22	300	2	2	108	2	2	102	165	10					1	90	1000	0	305	180	0	1
1715	征南元帅之龙神枪	3	0	6	173					2	2	58	100	2	131	22	300	2	2	108	2	2	102	165	10					1	90	1000	0	305	180	0	1
1716	镇北元帅之虞候弓	3	0	4	174					2	2	58	100	2	131	22	300	2	2	108	2	2	102	165	10					1	90	1000	0	305	180	0	1
1717	镇北元帅之虞候弓	3	0	4	175					2	2	58	100	2	131	22	300	2	2	108	2	2	102	165	10					1	90	1000	0	305	180	0	1
1718	镇北元帅之虞候弓	3	0	4	176					2	2	58	100	2	131	22	300	2	2	108	2	2	102	165	10					1	90	1000	0	305	180	0	1
1719	镇北元帅之虞候弓	3	0	4	177					2	2	58	100	2	131	22	300	2	2	108	2	2	102	165	10					1	90	1000	0	305	180	0	1
1720	吞月尊者之贪狼双刀	3	0	7	178					2	2	58	100	2	131	22	300	2	2	108	2	2	102	165	10					1	90	1000	0	305	180	0	1
1721	吞月尊者之贪狼双刀	3	0	7	179					2	2	58	100	2	131	22	300	2	2	108	2	2	102	165	10					1	90	1000	0	305	180	0	1
1722	吞月尊者之贪狼双刀	3	0	7	180					2	2	58	100	2	131	22	300	2	2	108	2	2	102	165	10					1	90	1000	0	305	180	0	1
1723	吞月尊者之贪狼双刀	3	0	7	181					2	2	58	100	2	131	22	300	2	2	108	2	2	102	165	10					1	90	1000	0	305	180	0	1
1724	蛊王尊者之百足爪	3	0	11	182					2	2	58	100	2	131	22	300	2	2	108	2	2	102	165	10					1	90	1000	0	305	180	0	1
1725	蛊王尊者之百足爪	3	0	11	183					2	2	58	100	2	131	22	300	2	2	108	2	2	102	165	10					1	90	1000	0	305	180	0	1
1726	蛊王尊者之百足爪	3	0	11	184					2	2	58	100	2	131	22	300	2	2	108	2	2	102	165	10					1	90	1000	0	305	180	0	1
1727	蛊王尊者之百足爪	3	0	11	185					2	2	58	100	2	131	22	300	2	2	108	2	2	102	165	10					1	90	1000	0	305	180	0	1
1728	龙虎真人之正一剑	3	0	2	186					2	2	58	100	2	131	22	300	2	2	108	2	2	102	165	10					1	90	1000	0	305	180	0	1
1729	龙虎真人之正一剑	3	0	2	187					2	2	58	100	2	131	22	300	2	2	108	2	2	102	165	10					1	90	1000	0	305	180	0	1
1730	大明尊者之寂灭刀	3	0	3	188					2	2	58	100	2	131	22	300	2	2	108	2	2	102	165	10					1	90	1000	0	305	180	0	1
1731	大明尊者之寂灭刀	3	0	3	189					2	2	58	100	2	131	22	300	2	2	108	2	2	102	165	10					1	90	1000	0	305	180	0	1
1732	大明尊者之寂灭刀	3	0	3	190					2	2	58	100	2	131	22	300	2	2	108	2	2	102	165	10					1	90	1000	0	305	180	0	1
1733	大明尊者之寂灭刀	3	0	3	191					2	2	58	100	2	131	22	300	2	2	108	2	2	102	165	10					1	90	1000	0	305	180	0	1
1734	护法尊者之出阵笔	3	0	9	192					2	2	58	100	2	131	22	300	2	2	108	2	2	102	165	10					1	90	1000	0	305	180	0	1
1735	护法尊者之出阵笔	3	0	9	193					2	2	58	100	2	131	22	300	2	2	108	2	2	102	165	10					1	90	1000	0	305	180	0	1
1736	护法尊者之出阵笔	3	0	9	194					2	2	58	100	2	131	22	300	2	2	108	2	2	102	165	10					1	90	1000	0	305	180	0	1
1737	护法尊者之出阵笔	3	0	9	195					2	2	58	100	2	131	22	300	2	2	108	2	2	102	165	10					1	90	1000	0	305	180	0	1
1738	摩尼尊者之四果爪	3	0	11	196					2	2	58	100	2	131	22	300	2	2	108	2	2	102	165	10					1	90	1000	0	305	180	0	1
1739	摩尼尊者之四果爪	3	0	11	197					2	2	58	100	2	131	22	300	2	2	108	2	2	102	165	10					1	90	1000	0	305	180	0	1
1740	摩尼尊者之四果爪	3	0	11	198					2	2	58	100	2	131	22	300	2	2	108	2	2	102	165	10					1	90	1000	0	305	180	0	1
1741	摩尼尊者之四果爪	3	0	11	199					2	2	58	100	2	131	22	300	2	2	108	2	2	102	165	10					1	90	1000	0	305	180	0	1
1742	天香仙子之芙蓉枝	3	0	13	200					2	2	58	100	2	131	22	300	2	2	108	2	2	102	165	10					1	90	1000	0	305	180	0	1
1743	天香仙子之芙蓉枝	3	0	13	201					2	2	58	100	2	131	22	300	2	2	108	2	2	102	165	10					1	90	1000	0	305	180	0	1
1744	翠微仙子之绿竹笛	3	0	12	202					2	2	58	100	2	131	22	300	2	2	108	2	2	102	165	10					1	90	1000	0	305	180	0	1
1745	翠微仙子之绿竹笛	3	0	12	203					2	2	58	100	2	131	22	300	2	2	108	2	2	102	165	10					1	90	1000	0	305	180	0	1
1746	惭恩客之斩衣双匕	3	0	14	204					2	2	58	100	2	131	22	300	2	2	108	2	2	102	165	10					1	90	1000	0	305	180	0	1
1747	惭恩客之斩衣双匕	3	0	14	205					2	2	58	100	2	131	22	300	2	2	108	2	2	102	165	10					1	90	1000	0	305	180	0	1
1748	惭恩客之斩衣双匕	3	0	14	206					2	2	58	100	2	131	22	300	2	2	108	2	2	102	165	10					1	90	1000	0	305	180	0	1
1749	惭恩客之斩衣双匕	3	0	14	207					2	2	58	100	2	131	22	300	2	2	108	2	2	102	165	10					1	90	1000	0	305	180	0	1
1750	浣剑真人之御心剑	3	0	2	208					2	2	58	100	2	131	22	300	2	2	108	2	2	102	165	10					1	90	1000	0	305	180	0	1
1751	浣剑真人之御心剑	3	0	2	209					2	2	58	100	2	131	22	300	2	2	108	2	2	102	165	10					1	90	1000	0	305	180	0	1
1752	千岩月落冠	6	0	108	981					2	131	28	20	2	111	171	300	2	131	83	5	2	131	6	10					1	90	500	0	620	180	0	1
1753	千岩月落冠	6	0	108	982					2	131	28	20	2	111	171	300	2	131	83	5	2	131	6	10					1	90	500	0	620	180	0	1
1754	千岩月落簪	6	0	108	983					2	131	29	20	2	111	171	300	2	131	83	5	2	131	6	10					1	90	500	0	620	180	0	1
1755	千岩月落簪	6	0	108	984					2	131	29	20	2	111	171	300	2	131	83	5	2	131	6	10					1	90	500	0	620	180	0	1
1756	千岩月落衣	6	0	109	981					2	131	28	20	2	111	171	300	2	131	83	5	2	131	6	10					1	90	500	0	620	180	0	1
1757	千岩月落衣	6	0	109	982					2	131	28	20	2	111	171	300	2	131	83	5	2	131	6	10					1	90	500	0	620	180	0	1
1758	千岩月落衣	6	0	109	983					2	131	29	20	2	111	171	300	2	131	83	5	2	131	6	10					1	90	500	0	620	180	0	1
1759	千岩月落衣	6	0	109	984					2	131	29	20	2	111	171	300	2	131	83	5	2	131	6	10					1	90	500	0	620	180	0	1
1760	千岩月落装	6	0	110	981					2	131	28	20	2	111	171	300	2	131	83	5	2	131	6	10					1	90	500	0	620	180	0	1
1761	千岩月落装	6	0	110	982					2	131	28	20	2	111	171	300	2	131	83	5	2	131	6	10					1	90	500	0	620	180	0	1
1762	千岩月落裙	6	0	110	983					2	131	29	20	2	111	171	300	2	131	83	5	2	131	6	10					1	90	500	0	620	180	0	1
1763	千岩月落裙	6	0	110	984					2	131	29	20	2	111	171	300	2	131	83	5	2	131	6	10					1	90	500	0	620	180	0	1
1764	花归葬肩部	6	0	119	203					2	131	20	20	2	131	38	20	2	131	84	5	2	131	6	10					1	90	500	0	621	180	0	1
1765	花归葬肩部	6	0	119	204					2	131	20	20	2	131	38	20	2	131	84	5	2	131	6	10					1	90	500	0	621	180	0	1
1766	花归葬肩部	6	0	119	205					2	131	20	20	2	131	38	20	2	131	84	5	2	131	6	10					1	90	500	0	621	180	0	1
1767	花归葬肩部	6	0	119	206					2	131	20	20	2	131	38	20	2	131	84	5	2	131	6	10					1	90	500	0	621	180	0	1
1768	花归葬背部	6	0	120	203					2	131	17	20	2	131	38	20	2	131	84	5	2	131	6	10					1	90	500	0	621	180	0	1
1769	花归葬背部	6	0	120	204					2	131	17	20	2	131	38	20	2	131	84	5	2	131	6	10					1	90	500	0	621	180	0	1
1770	花归葬背部	6	0	120	205					2	131	17	20	2	131	38	20	2	131	84	5	2	131	6	10					1	90	500	0	621	180	0	1
1771	花归葬背部	6	0	120	206					2	131	17	20	2	131	38	20	2	131	84	5	2	131	6	10					1	90	500	0	621	180	0	1
1772	花归葬足部	6	0	121	203					2	131	20	20	2	131	38	20	2	131	84	5	2	131	6	10					1	90	500	0	621	180	0	1
1773	花归葬足部	6	0	121	204					2	131	20	20	2	131	38	20	2	131	84	5	2	131	6	10					1	90	500	0	621	180	0	1
1774	花归葬足部	6	0	121	205					2	131	20	20	2	131	38	20	2	131	84	5	2	131	6	10					1	90	500	0	621	180	0	1
1775	花归葬足部	6	0	121	206					2	131	20	20	2	131	38	20	2	131	84	5	2	131	6	10					1	90	500	0	621	180	0	1
