ID	Name	Belong	ProduceGenre	ProduceSub	ProduceDetail	SecProduceGenre	SecProduceSub	SecProduceDetail	SecProduceRate	Stuff1Genre	Stuff1Sub	Stuff1Detail	Stuff1Num	Stuff2Genre	Stuff2Sub	Stuff2Detail	Stuff2Num	Stuff3Genre	Stuff3Sub	Stuff3Detail	Stuff3Num	Stuff4Genre	Stuff4Sub	Stuff4Detail	Stuff4Num	ToolGenre	ToolSub	ToolDetail	ToolNum	NeedMore	Level	StaminaCost	ExpGain	RecipeDetail	MakeTime	EquipType	Identify
1	Bļnh NgŦ	1	1	1	1	0	0	0		0	0	0		0	0	0		0	0	0		0	0	0		0	0	0		0	1	30	0	1	54	0	1
2	BĻng	1	1	0	1	0	0	0		0	0	0		0	0	0		0	0	0		0	0	0		0	0	0		0	1	10	0	1	54	0	1
3	Kim Sļng Tļn	6	1	0	2	1	0	3	5	1	2	8	2	0	0	0		0	0	0		0	0	0		0	0	0		0	1	0	3	29	54	0	1
4	ChØ HuyÕt Tļn	6	1	0	3	1	0	4	5	1	2	2	1	1	2	1	1	1	2	8	1	0	0	0		0	0	0		0	3	0	3	29	54	0	1
5	Bđch VĐn tļn	6	1	0	4	1	0	5	5	1	2	3	1	1	2	2	1	1	2	9	1	0	0	0		0	0	0		0	5	0	3	29	54	0	1
6	ThiŠn H­Žng CČm Tôc	6	1	0	5	1	0	6	5	1	2	11	3	1	2	9	2	1	2	3	2	1	2	1	2	0	0	0		0	7	0	4	29	54	0	1
7	Hūc Ngäc §ođn Tôc Cao	6	1	0	6	0	0	0		1	2	4	3	1	2	10	2	1	2	9	2	1	2	8	2	0	0	0		0	8	0	4	29	54	0	1
8	TiÓu Hoĩn ŪŽn	6	1	0	7	1	0	8	5	1	2	8	1	1	2	1	1	0	0	0		0	0	0		0	0	0		0	2	0	3	30	54	0	1
9	Hoĩn D­Žng ŪŽn	6	1	0	8	1	0	9	5	1	2	2	1	1	2	1	1	1	2	8	1	0	0	0		0	0	0		0	4	0	3	30	54	0	1
10	§đi Hoĩn ŪŽn	6	1	0	9	1	0	10	5	1	2	3	1	1	2	2	1	1	2	9	1	0	0	0		0	0	0		0	6	0	3	30	54	0	1
11	NhĘt NguyŠn Phôc Thņy §Žn	6	1	0	10	1	0	11	5	1	2	10	3	1	2	9	2	1	2	3	2	1	2	1	2	0	0	0		0	7	0	4	30	54	0	1
12	Vđn VËt Quy NguyŠn §Žn	6	1	0	11	0	0	0		1	2	11	3	1	2	10	2	1	2	9	2	1	2	8	2	0	0	0		0	8	0	4	30	54	0	1
13	Thanh TĐm tļn	6	1	0	12	1	0	13	5	1	2	8	2	1	2	1	1	0	0	0		0	0	0		0	0	0		0	2	0	4	31	54	0	1
14	Ých KhÝ tļn	6	1	0	13	1	0	14	5	1	2	2	2	1	2	1	1	1	2	3	1	0	0	0		0	0	0		0	4	0	4	31	54	0	1
15	Ngäc Linh tļn	6	1	0	14	1	0	15	5	1	2	3	2	1	2	2	1	1	2	9	1	0	0	0		0	0	0		0	6	0	4	31	54	0	1
16	Ngō Hoa Ngäc Lé Hoĩn	6	1	0	15	1	0	16	5	1	2	11	3	1	2	10	3	1	2	9	2	1	2	1	3	0	0	0		0	8	0	5	31	54	0	1
17	Sinh Sinh Hãa Tļn	6	1	0	16	0	0	0		1	2	4	3	1	2	11	3	1	2	10	2	1	2	2	3	0	0	0		0	9	0	5	31	54	0	1
18	CŽm nūm	7	1	1	2	1	1	3	5	1	3	9	2	1	3	19	3	0	0	0		0	0	0		0	0	0		0	1	0	6	36	54	0	1
19	Mĩn thĮu	7	1	1	3	1	1	4	5	1	3	10	2	1	3	20	2	1	3	9	1	0	0	0		0	0	0		0	2	0	6	36	54	0	1
20	Bļnh xÕp	7	1	1	4	1	1	5	5	1	3	12	2	1	3	22	2	1	3	11	1	0	0	0		0	0	0		0	4	0	6	36	54	0	1
21	Bļnh bao thÞt	7	1	1	5	1	1	14		1	3	14	2	1	3	13	2	1	3	12	1	0	0	0		0	0	0		0	6	0	6	36	54	0	1
22	Tø Quý ŪËu	7	1	1	7	1	1	8	5	1	3	11	2	1	3	21	2	1	3	10	1	0	0	0		0	0	0		0	3	0	6	37	54	0	1
23	§Ëu xĩo	7	1	1	8	1	1	9	5	1	3	13	2	1	3	12	2	1	3	22	1	0	0	0		0	0	0		0	5	0	6	37	54	0	1
24	Cķi xĩo tái	7	1	1	9	1	1	16	5	1	3	15	2	1	3	14	2	1	3	13	1	0	0	0		0	0	0		0	7	0	6	37	54	0	1
25	ThiŠu §ao Tö	7	1	1	10	1	1	11	5	1	3	9	3	1	3	19	2	0	0	0		0	0	0		0	0	0		0	1	0	6	38	54	0	1
26	Nũ Nhi Hång	7	1	1	11	1	1	12	5	1	3	10	2	1	3	20	2	1	3	19	1	0	0	0		0	0	0		0	2	0	6	38	54	0	1
27	§đo Hoa H­Žng	7	1	1	12	1	1	13	5	1	3	12	2	1	3	22	2	1	3	21	1	0	0	0		0	0	0		0	4	0	3	38	54	0	1
28	Tóy Méng Töu	7	1	1	13	0	0	0		1	3	14	2	1	3	13	2	1	3	22	1	0	0	0		0	0	0		0	6	0	3	38	54	0	1
29	Giļm ŪÞnh phï cĘp 1	8	2	5	1	2	5	2	5	2	2	30	1	2	2	65	1					0	0	0		0	0	0		0	1	0	2	43	54	0	1
30	Giļm ŪÞnh phï cĘp 2	8	2	5	2	2	5	3	5	2	2	30	2	2	2	33	2	2	2	65	1	0	0	0		0	0	0		0	2	0	8	43	54	0	1
31	Giļm ŪÞnh phï cĘp 3	8	2	5	3	2	5	4	5	2	2	30	2	2	2	33	2	2	2	29	2	0	0	0		0	0	0		0	3	0	12	43	54	0	1
32	Giļm ŪÞnh phï cĘp 4	8	2	5	4	2	5	5	5	2	2	31	2	2	2	33	2	2	2	29	2	2	2	65	1	0	0	0		0	4	0	16	43	54	0	1
33	Giļm ŪÞnh phï cĘp 5	8	2	5	5	2	5	6	5	2	2	31	2	2	2	34	2	2	2	29	2	2	2	65	2	0	0	0		0	5	0	20	43	54	0	1
34	Giļm ŪÞnh phï cĘp 6	8	2	5	6	2	5	7	5	2	2	32	4	2	2	34	4	2	2	29	4	2	1	912	4	0	0	0		0	6	0	24	43	54	0	1
35	Giļm ŪÞnh phï cĘp 7	8	2	5	7	0	0	0	0	2	2	32	8	2	2	35	8	2	2	29	8	2	1	912	8	0	0	0		0	7	0	28	43	54	0	1
36	BiÖn Kinh Håi phï	8	1	5	1	0	0	0		2	2	65	1	2	1	901	1	0	0	0		0	0	0		0	0	0		0	1	0	1	42	54	0	1
37	Thĩnh §Ŧ Håi phï	8	1	5	2	0	0	0		2	2	65	1	2	1	902	1	0	0	0		0	0	0		0	0	0		0	1	0	1	42	54	0	1
38	TuyŌn ChĐu Håi phï	8	1	5	3	0	0	0		2	2	65	1	2	1	903	1	0	0	0		0	0	0		0	0	0		0	1	0	1	42	54	0	1
39	T­Žng D­Žng Håi phï	8	1	5	4	0	0	0		2	2	65	1	2	1	904	1	0	0	0		0	0	0		0	0	0		0	1	0	1	42	54	0	1
40	Phông T­ęng Håi phï	8	1	5	5	0	0	0		2	2	65	1	2	1	905	1	0	0	0		0	0	0		0	0	0		0	1	0	1	42	54	0	1
41	§đi Lý Håi phï	8	1	5	6	0	0	0		2	2	65	1	2	1	906	1	0	0	0		0	0	0		0	0	0		0	1	0	1	42	54	0	1
																																				0	
																																				0	
																																				0	
																																				0	
																																				0	
47	HiÖp ThiÕu Hé UyÓn	3	0	0	1	0	0	0		0	0	0		0	0	0		0	0	0		0	0	0		0	0	0		1	1	0	0	6	180	0	1
48	Trđm NgĐn Hé UyÓn	3	0	0	2	0	0	0		0	0	0		0	0	0		0	0	0		0	0	0		0	0	0		1	1	0	0	6	180	0	1
49	Phi Ng­ thņ	3	0	0	3	0	0	0		2	2	1	4	2	2	41	4	2	2	59	1	0	0	0		0	0	0		1	1	0	4	6	180	0	1
50	Hång Ma thņ	3	0	0	4	0	0	0		2	2	1	4	2	2	41	4	2	2	59	2	0	0	0		0	0	0		1	1	0	4	6	180	0	1
51	XuyŠn VĐn thņ	3	0	0	5	0	0	0		2	2	2	4	2	2	42	4	2	2	27	1	2	2	59	3	0	0	0		1	2	0	4	6	180	0	1
52	Tam D­Žng thņ	3	0	0	6	0	0	0		2	2	2	4	2	2	42	4	2	2	27	1	2	2	59	4	0	0	0		1	2	0	4	6	180	0	1
53	ThiŠn Ng­u thņ	3	0	0	7	0	0	0		2	8	5	4	2	2	43	4	2	2	27	1	2	2	60	1	0	0	0		1	3	0	6	6	180	0	1
54	BÝch Xĩ thņ	3	0	0	8	0	0	0		2	2	4	4	2	2	44	4	2	2	57	1	2	2	60	2	0	0	0		1	4	0	6	6	180	0	1
55	Khļng Long thņ	3	0	0	9	0	0	0		2	2	4	4	2	2	44	4	2	2	57	1	2	2	60	3	0	0	0		1	4	0	8	6	180	0	1
56	T­ęng Ph­îng	3	0	0	10	0	0	0		2	2	5	5	2	2	45	5	2	2	57	1	2	2	60	5	0	0	0		1	5	0	8	6	180	0	1
57	Né Long	3	0	0	11	0	0	0		2	2	5	5	2	2	45	5	2	2	57	1	2	2	61	2	0	0	0		1	5	0	8	6	180	0	1
58	Ngō Ph­Žng Quû Chóng	3	0	0	12	0	0	0		2	2	6	5	2	2	9	5	2	2	58	1	2	2	61	3	0	0	0		1	6	0	8	6	180	0	1
59	NŠ LŠ ŪÞa ngôc	3	0	0	13	0	0	0		2	2	36	6	2	2	10	6	2	2	58	1	2	2	61	4	0	0	0		1	7	0	8	6	180	0	1
60	HiÖp ThiÕu kiÕm	3	0	2	14	0	0	0		0	0	0		0	0	0		0	0	0		0	0	0		0	0	0		1	1	0	0	4	180	0	1
61	Tïng VĻn kiÕm	3	0	2	15	0	0	0		0	0	0		0	0	0		0	0	0		0	0	0		0	0	0		1	1	0	0	4	180	0	1
62	Linh Xĩ kiÕm	3	0	2	16	0	0	0		2	2	1	4	2	2	41	4	2	2	59	1	0	0	0		0	0	0		1	1	0	4	4	180	0	1
63	XÝch Sa kiÕm	3	0	2	17	0	0	0		2	2	1	4	2	2	41	4	2	2	59	2	0	0	0		0	0	0		1	1	0	4	4	180	0	1
64	Thanh Minh kiÕm	3	0	2	18	0	0	0		2	2	2	4	2	2	42	4	2	2	27	1	2	2	59	3	0	0	0		1	2	0	4	4	180	0	1
65	HuyÕt Sļt kiÕm	3	0	2	19	0	0	0		2	2	2	4	2	2	42	4	2	2	27	1	2	2	59	4	0	0	0		1	2	0	4	4	180	0	1
66	Hĩm Quang kiÕm	3	0	2	20	0	0	0		2	8	5	4	2	2	43	4	2	2	27	1	2	2	60	1	0	0	0		1	3	0	6	4	180	0	1
67	TÝch D­Žng	3	0	2	21	0	0	0		2	2	4	4	2	2	44	4	2	2	57	1	2	2	60	2	0	0	0		1	4	0	6	4	180	0	1
68	HuyŌn §iÖn	3	0	2	22	0	0	0		2	2	4	4	2	2	44	4	2	2	57	1	2	2	60	3	0	0	0		1	4	0	8	4	180	0	1
69	Thanh S­Žng	3	0	2	23	0	0	0		2	2	5	5	2	2	45	5	2	2	57	1	2	2	60	5	0	0	0		1	5	0	8	4	180	0	1
70	Dao Quang	3	0	2	24	0	0	0		2	2	5	5	2	2	45	5	2	2	57	1	2	2	61	2	0	0	0		1	5	0	8	4	180	0	1
71	BÝch HuyÕt	3	0	2	25	0	0	0		2	2	6	5	2	2	9	5	2	2	58	1	2	2	61	3	0	0	0		1	6	0	8	4	180	0	1
72	HuyŌn thiÕt Träng KiÕm	3	0	2	26	0	0	0		2	2	36	6	2	2	10	6	2	2	58	1	2	2	61	4	0	0	0		1	7	0	8	4	180	0	1
73	Giíi §ao	3	0	3	53	0	0	0		2	2	1	4	2	2	41	4	2	2	59	1	0	0	0		0	0	0		1	1	0	4	5	180	0	1
74	ChiÕt ThiÕt Ūao	3	0	3	54	0	0	0		2	2	1	4	2	2	41	4	2	2	59	2	0	0	0		0	0	0		1	1	0	4	5	180	0	1
75	LiÖt DiÖm Ūao	3	0	3	55	0	0	0		2	2	2	4	2	2	42	4	2	2	27	1	2	2	59	3	0	0	0		1	2	0	4	5	180	0	1
76	Ngō Hæ §ođn MŦn §ao	3	0	3	56	0	0	0		2	2	2	4	2	2	42	4	2	2	27	1	2	2	59	4	0	0	0		1	2	0	4	5	180	0	1
77	Cöu Ēm Ūao	3	0	3	57	0	0	0		2	8	5	4	2	2	43	4	2	2	27	1	2	2	60	1	0	0	0		1	3	0	6	5	180	0	1
78	Phļ SŽn Ūao	3	0	3	58	0	0	0		2	2	4	4	2	2	44	4	2	2	57	1	2	2	60	2	0	0	0		1	4	0	6	5	180	0	1
79	NhĐn §å Ūao	3	0	3	59	0	0	0		2	2	4	4	2	2	44	4	2	2	57	1	2	2	60	3	0	0	0		1	4	0	8	5	180	0	1
80	Long LĐn	3	0	3	60	0	0	0		2	2	5	5	2	2	45	5	2	2	57	1	2	2	60	5	0	0	0		1	5	0	8	5	180	0	1
81	Bļch TÞch	3	0	3	61	0	0	0		2	2	5	5	2	2	45	5	2	2	57	1	2	2	61	2	0	0	0		1	5	0	8	5	180	0	1
82	ThiŠn Sļt	3	0	3	62	0	0	0		2	2	6	5	2	2	9	5	2	2	58	1	2	2	61	3	0	0	0		1	6	0	8	5	180	0	1
83	Bļ V­Žng	3	0	3	63	0	0	0		2	2	36	6	2	2	10	6	2	2	58	1	2	2	61	4	0	0	0		1	7	0	8	5	180	0	1
84	HiÖp ThiÕu cŦn	2	0	5	27	0	0	0		0	0	0		0	0	0		0	0	0		0	0	0		0	0	0		1	1	0	0	11	180	0	1
85	TŌ Mi cŦn	2	0	5	28	0	0	0		0	0	0		0	0	0		0	0	0		0	0	0		0	0	0		1	1	0	0	11	180	0	1
86	Thņy Háa cŦn	2	0	5	29	0	0	0		2	2	1	4	2	2	41	4	2	2	59	1	0	0	0		0	0	0		1	1	0	4	11	180	0	1
87	Tø BŨnh cŦn	2	0	5	30	0	0	0		2	2	1	4	2	2	41	4	2	2	59	2	0	0	0		0	0	0		1	1	0	4	11	180	0	1
88	Phæ §é cŦn	2	0	5	31	0	0	0		2	2	2	4	2	2	42	4	2	2	27	1	2	2	59	3	0	0	0		1	2	0	4	11	180	0	1
89	Hđc Vō cŦn	2	0	5	32	0	0	0		2	2	2	4	2	2	42	4	2	2	27	1	2	2	59	4	0	0	0		1	2	0	4	11	180	0	1
90	PhĐn Thņy cŦn	2	0	5	33	0	0	0		2	8	5	4	2	2	43	4	2	2	27	1	2	2	60	1	0	0	0		1	3	0	6	11	180	0	1
91	TiŌm Long cŦn	2	0	5	34	0	0	0		2	2	4	4	2	2	44	4	2	2	57	1	2	2	60	2	0	0	0		1	4	0	6	11	180	0	1
92	Tö Kim L­Žng	2	0	5	35	0	0	0		2	2	4	4	2	2	44	4	2	2	57	1	2	2	60	3	0	0	0		1	4	0	8	11	180	0	1
93	§ķ CČu bæng	2	0	5	36	0	0	0		2	2	5	5	2	2	45	5	2	2	57	1	2	2	60	5	0	0	0		1	5	0	8	11	180	0	1
94	KhČn Na La Bæng	2	0	5	37	0	0	0		2	2	5	5	2	2	45	5	2	2	57	1	2	2	61	2	0	0	0		1	5	0	8	11	180	0	1
95	ThiŠn Xĩ cŦn	2	0	5	38	0	0	0		2	2	6	5	2	2	9	5	2	2	58	1	2	2	61	3	0	0	0		1	6	0	8	11	180	0	1
96	Thanh Long cŦn	2	0	5	39	0	0	0		2	2	36	6	2	2	10	6	2	2	58	1	2	2	61	4	0	0	0		1	7	0	8	11	180	0	1
97	TÝch tr­îng	2	0	8	86	0	0	0		2	2	1	4	2	2	41	4	2	2	59	1	0	0	0		0	0	0		1	1	0	4	12	180	0	1
98	Hoŧng Phļp tr­îng	2	0	8	87	0	0	0		2	2	1	4	2	2	41	4	2	2	59	2	0	0	0		0	0	0		1	1	0	4	12	180	0	1
99	Tam Bķo tr­îng	2	0	8	88	0	0	0		2	2	2	4	2	2	42	4	2	2	27	1	2	2	59	3	0	0	0		1	2	0	4	12	180	0	1
100	Phôc Ma tr­îng	2	0	8	89	0	0	0		2	2	2	4	2	2	42	4	2	2	27	1	2	2	59	4	0	0	0		1	2	0	4	12	180	0	1
101	Phæ §é tr­îng	2	0	8	90	0	0	0		2	8	5	4	2	2	43	4	2	2	27	1	2	2	60	1	0	0	0		1	3	0	6	12	180	0	1
102	NguyÖt LuĐn tr­îng	2	0	8	91	0	0	0		2	2	4	4	2	2	44	4	2	2	57	1	2	2	60	2	0	0	0		1	4	0	6	12	180	0	1
103	KhŦng Minh tr­îng	2	0	8	92	0	0	0		2	2	4	4	2	2	44	4	2	2	57	1	2	2	60	3	0	0	0		1	4	0	8	12	180	0	1
104	Bķo Quang tr­îng	2	0	8	93	0	0	0		2	2	5	5	2	2	45	5	2	2	57	1	2	2	60	5	0	0	0		1	5	0	8	12	180	0	1
105	§đi Tų Tđi Tr­îng	2	0	8	94	0	0	0		2	2	5	5	2	2	45	5	2	2	57	1	2	2	61	2	0	0	0		1	5	0	8	12	180	0	1
106	§đi Bļt Nh· Tr­îng	2	0	8	95	0	0	0		2	2	6	5	2	2	9	5	2	2	58	1	2	2	61	3	0	0	0		1	6	0	8	12	180	0	1
107	ThiŠn PhËt tr­îng	2	0	8	96	0	0	0		2	2	36	6	2	2	10	6	2	2	58	1	2	2	61	4	0	0	0		1	7	0	8	12	180	0	1
108	HiÖp ThiÕu ļm KhÝ	4	0	1	40	0	0	0		0	0	0		0	0	0		0	0	0		0	0	0		0	0	0		1	1	0	0	16	180	0	1
109	Ngō Quang thđch	4	0	1	41	0	0	0		0	0	0		0	0	0		0	0	0		0	0	0		0	0	0		1	1	0	0	16	180	0	1
110	LiÔu DiÖp Ūao	4	0	1	42	0	0	0		2	2	1	4	2	2	41	4	2	2	59	1	0	0	0		0	0	0		1	1	0	4	16	180	0	1
111	§ođn Tr­ęng tiŠu	4	0	1	43	0	0	0		2	2	1	4	2	2	41	4	2	2	59	2	0	0	0		0	0	0		1	1	0	4	16	180	0	1
112	Phļ DiÖt ThĮn ChĐm	4	0	1	44	0	0	0		2	2	2	4	2	2	42	4	2	2	27	1	2	2	59	3	0	0	0		1	2	0	4	16	180	0	1
113	Tö MÉu Ly Hån TiÔn	4	0	1	45	0	0	0		2	2	2	4	2	2	42	4	2	2	27	1	2	2	59	4	0	0	0		1	2	0	4	16	180	0	1
114	Hūc HuyÕt ThĮn ChĐm	4	0	1	46	0	0	0		2	8	5	4	2	2	43	4	2	2	27	1	2	2	60	1	0	0	0		1	3	0	6	16	180	0	1
115	Ngäc Phong chĐm	4	0	1	47	0	0	0		2	2	4	4	2	2	44	4	2	2	57	1	2	2	60	2	0	0	0		1	4	0	6	16	180	0	1
116	Tô Lý Cĩn KhŦn	4	0	1	48	0	0	0		2	2	4	4	2	2	44	4	2	2	57	1	2	2	60	3	0	0	0		1	4	0	8	16	180	0	1
117	Hĩm Sa Xđ ķnh	4	0	1	49	0	0	0		2	2	5	5	2	2	45	5	2	2	57	1	2	2	60	5	0	0	0		1	5	0	8	16	180	0	1
118	ThĘt Tinh ThĘu Cčt ChĐm	4	0	1	50	0	0	0		2	2	5	5	2	2	45	5	2	2	57	1	2	2	61	2	0	0	0		1	5	0	8	16	180	0	1
119	ThĘt Sļt ThiŠn La	4	0	1	51	0	0	0		2	2	6	5	2	2	9	5	2	2	58	1	2	2	61	3	0	0	0		1	6	0	8	16	180	0	1
120	ThiŠn ngođi phi tiŠn	4	0	1	52	0	0	0		2	2	36	6	2	2	10	6	2	2	58	1	2	2	61	4	0	0	0		1	7	0	8	16	180	0	1
121	Ngäc VËn cĮm	4	0	10	64	0	0	0		2	2	1	4	2	2	41	4	2	2	59	1	0	0	0		0	0	0		1	1	0	4	17	180	0	1
122	Kinh §ĩo cĮm	4	0	10	65	0	0	0		2	2	1	4	2	2	41	4	2	2	59	2	0	0	0		0	0	0		1	1	0	4	17	180	0	1
123	BŦn LŦi cĮm	4	0	10	66	0	0	0		2	2	2	4	2	2	42	4	2	2	27	1	2	2	59	3	0	0	0		1	2	0	4	17	180	0	1
124	Phi Béc LiŠn ChĐu	4	0	10	67	0	0	0		2	2	2	4	2	2	42	4	2	2	27	1	2	2	59	4	0	0	0		1	2	0	4	17	180	0	1
125	LŦi §éng Vđn VËt	4	0	10	68	0	0	0		2	8	5	4	2	2	43	4	2	2	27	1	2	2	60	1	0	0	0		1	3	0	6	17	180	0	1
126	HuyŌn Nhai Phi Béc	4	0	10	69	0	0	0		2	2	4	4	2	2	44	4	2	2	57	1	2	2	60	2	0	0	0		1	4	0	6	17	180	0	1
127	Hķi NguyÖt Thanh Huy	4	0	10	70	0	0	0		2	2	4	4	2	2	44	4	2	2	57	1	2	2	60	3	0	0	0		1	4	0	8	17	180	0	1
128	Cöu TiŠu Ngäc Béi	4	0	10	71	0	0	0		2	2	5	5	2	2	45	5	2	2	57	1	2	2	60	5	0	0	0		1	5	0	8	17	180	0	1
129	HiÖu Chung	4	0	10	72	0	0	0		2	2	5	5	2	2	45	5	2	2	57	1	2	2	61	2	0	0	0		1	5	0	8	17	180	0	1
130	Lôc Khëi	4	0	10	73	0	0	0		2	2	6	5	2	2	9	5	2	2	58	1	2	2	61	3	0	0	0		1	6	0	8	17	180	0	1
131	TiŠu VÜ	4	0	10	74	0	0	0		2	2	36	6	2	2	10	6	2	2	58	1	2	2	61	4	0	0	0		1	7	0	8	17	180	0	1
132	Phļn Quan bót	4	0	9	75	0	0	0		2	2	1	4	2	2	41	4	2	2	59	1	0	0	0		0	0	0		1	1	0	4	18	180	0	1
133	ChiÕt Xung bót	4	0	9	76	0	0	0		2	2	1	4	2	2	41	4	2	2	59	2	0	0	0		0	0	0		1	1	0	4	18	180	0	1
134	XuĐn Phong bót	4	0	9	77	0	0	0		2	2	2	4	2	2	42	4	2	2	27	1	2	2	59	3	0	0	0		1	2	0	4	18	180	0	1
135	Kinh LŦi bót	4	0	9	78	0	0	0		2	2	2	4	2	2	42	4	2	2	27	1	2	2	59	4	0	0	0		1	2	0	4	18	180	0	1
136	VŦ Håi bót	4	0	9	79	0	0	0		2	8	5	4	2	2	43	4	2	2	27	1	2	2	60	1	0	0	0		1	3	0	6	18	180	0	1
137	Truy NguyÖt bót	4	0	9	80	0	0	0		2	2	4	4	2	2	44	4	2	2	57	1	2	2	60	2	0	0	0		1	4	0	6	18	180	0	1
138	ThÞ Hån bót	4	0	9	81	0	0	0		2	2	4	4	2	2	44	4	2	2	57	1	2	2	60	3	0	0	0		1	4	0	8	18	180	0	1
139	Long ThiÖt	4	0	9	82	0	0	0		2	2	5	5	2	2	45	5	2	2	57	1	2	2	60	5	0	0	0		1	5	0	8	18	180	0	1
140	RĻng sãi	4	0	9	83	0	0	0		2	2	5	5	2	2	45	5	2	2	57	1	2	2	61	2	0	0	0		1	5	0	8	18	180	0	1
141	Phļ QuĐn	4	0	9	84	0	0	0		2	2	6	5	2	2	9	5	2	2	58	1	2	2	61	3	0	0	0		1	6	0	8	18	180	0	1
142	ThiŠn CŽ	4	0	9	85	0	0	0		2	2	36	6	2	2	10	6	2	2	58	1	2	2	61	4	0	0	0		1	7	0	8	18	180	0	1
143	HiÖp ThiÕu bč y	5	0	100	1	0	0	0		0	0	0		0	0	0		0	0	0		0	0	0		0	0	0		1	1	0	0	22	180	0	1
144	Hūc Tđo bč y	5	0	100	2	0	0	0		0	0	0		0	0	0		0	0	0		0	0	0		0	0	0		1	1	0	0	22	180	0	1
145	Tö CĐm Bč Y	5	0	100	3	0	0	0		2	2	15	4	2	9	1	4	2	2	62	1	0	0	0		0	0	0		1	1	0	4	22	180	0	1
146	Bĩn Long Tó	5	0	100	4	0	0	0		2	2	15	4	2	9	1	4	2	2	62	2	0	0	0		0	0	0		1	1	0	4	22	180	0	1
147	Th­Žng Lang y	5	0	100	5	0	0	0		2	2	16	4	2	9	2	4	2	2	62	3	0	0	0		0	0	0		1	1	0	4	22	180	0	1
148	YÓm TĐm giļp	5	0	100	6	0	0	0		2	2	16	4	2	9	2	4	2	2	62	3	0	0	0		0	0	0		1	1	0	4	22	180	0	1
149	ThĮn Hĩnh phôc	5	0	100	7	0	0	0		2	2	18	4	2	9	3	4	2	2	21	1	2	2	62	4	0	0	0		1	2	0	6	22	180	0	1
150	Thanh S­Žng bĩo	5	0	100	8	0	0	0		2	2	18	4	2	9	3	4	2	2	21	1	2	2	62	4	0	0	0		1	2	0	6	22	180	0	1
151	Tham Lang y	5	0	100	9	0	0	0		2	2	17	4	2	2	52	4	2	2	22	1	2	2	63	1	0	0	0		1	3	0	8	22	180	0	1
152	XÝch §ång trô	5	0	100	10	0	0	0		2	2	17	4	2	2	52	4	2	2	22	1	2	2	63	1	0	0	0		1	3	0	8	22	180	0	1
153	NhuyÔn Kim y	5	0	100	11	0	0	0		2	2	46	4	2	2	53	4	2	2	22	1	2	2	63	2	0	0	0		1	4	0	8	22	180	0	1
154	Th­Žng  Lan y	5	0	100	12	0	0	0		2	2	46	4	2	2	53	4	2	2	22	1	2	2	63	2	0	0	0		1	4	0	8	22	180	0	1
155	Lam KŨnh bŨ giļp	5	0	100	13	0	0	0		2	2	20	5	2	2	54	5	2	2	22	1	2	2	64	1	0	0	0		1	5	0	8	22	180	0	1
156	XÝch Long bĩo	5	0	100	14	0	0	0		2	2	20	5	2	2	54	5	2	2	22	1	2	2	64	1	0	0	0		1	5	0	10	22	180	0	1
157	ThiŠn Lang y	5	0	100	15	0	0	0		2	10	7	5	2	2	55	5	2	2	23	1	2	2	64	2	0	0	0		1	6	0	10	22	180	0	1
158	BĻng Tĩm Trï sam	5	0	100	16	0	0	0		2	10	7	5	2	2	55	5	2	2	23	1	2	2	64	2	0	0	0		1	6	0	10	22	180	0	1
159	SŽn Quû huyÕt y	5	0	100	17	0	0	0		2	2	47	5	2	9	4	5	2	2	23	1	2	2	64	3	0	0	0		1	6	0	10	22	180	0	1
160	ThiŠn Giļng bĩo	5	0	100	18	0	0	0		2	2	47	6	2	9	4	6	2	2	23	1	2	2	64	3	0	0	0		1	7	0	10	22	180	0	1
161	HiÖp ThiÕu y	5	0	100	19	0	0	0		0	0	0	1	0	0	0	1	0	0	0	1	0	0	0		0	0	0		1	1	0	2	23	180	0	1
162	ThiÕt Hé KiŠn	5	0	100	20	0	0	0		0	0	0	1	0	0	0	1	0	0	0	1	0	0	0		0	0	0		1	1	0	2	23	180	0	1
163	Thó Hé KiŠn	5	0	100	21	0	0	0		2	2	15	4	2	9	1	4	2	2	62	1	0	0	0		0	0	0		1	1	0	4	23	180	0	1
164	CČm Ti CĐn	5	0	100	22	0	0	0		2	2	15	4	2	9	1	4	2	2	62	2	0	0	0		0	0	0		1	1	0	4	23	180	0	1
165	Hĩo HiÖp y	5	0	100	23	0	0	0		2	2	16	4	2	9	2	4	2	2	62	3	0	0	0		0	0	0		1	1	0	4	23	180	0	1
166	Kim Ngäc Trï sam	5	0	100	24	0	0	0		2	2	16	4	2	9	2	4	2	2	62	3	0	0	0		0	0	0		1	1	0	4	23	180	0	1
167	Lôc LĐm trang	5	0	100	25	0	0	0		2	2	18	4	2	9	3	4	2	2	21	1	2	2	62	4	0	0	0		1	2	0	6	23	180	0	1
168	Hoĩng Hæ y	5	0	100	26	0	0	0		2	2	18	4	2	9	3	4	2	2	21	1	2	2	62	4	0	0	0		1	2	0	6	23	180	0	1
169	ThĮn Ng­u Hé giļp	5	0	100	27	0	0	0		2	2	17	4	2	2	52	4	2	2	22	1	2	2	63	1	0	0	0		1	3	0	8	23	180	0	1
170	Tö Thanh S­Žng Hoa sam	5	0	100	28	0	0	0		2	2	17	4	2	2	52	4	2	2	22	1	2	2	63	1	0	0	0		1	3	0	8	23	180	0	1
171	Di NhiŠm Khļch y	5	0	100	29	0	0	0		2	2	46	4	2	2	53	4	2	2	22	1	2	2	63	2	0	0	0		1	4	0	8	23	180	0	1
172	ThiŠn NhÉn y	5	0	100	30	0	0	0		2	2	46	4	2	2	53	4	2	2	22	1	2	2	63	2	0	0	0		1	4	0	8	23	180	0	1
173	ThĮn Sļch Kim giļp	5	0	100	31	0	0	0		2	2	20	5	2	2	54	5	2	2	22	1	2	2	64	1	0	0	0		1	5	0	8	23	180	0	1
174	LŦi NgĐn Giļp	5	0	100	32	0	0	0		2	2	20	5	2	2	54	5	2	2	22	1	2	2	64	1	0	0	0		1	5	0	10	23	180	0	1
175	Tinh Cang HuyŌn Kim giļp	5	0	100	33	0	0	0		2	10	7	5	2	2	55	5	2	2	23	1	2	2	64	2	0	0	0		1	6	0	10	23	180	0	1
176	Háa Chu Thļnh sam	5	0	100	34	0	0	0		2	10	7	5	2	2	55	5	2	2	23	1	2	2	64	2	0	0	0		1	6	0	10	23	180	0	1
177	HuyÕt Hĩ Quû V­Žng giļp	5	0	100	35	0	0	0		2	2	47	5	2	9	4	5	2	2	23	1	2	2	64	3	0	0	0		1	6	0	10	23	180	0	1
178	Long Bļ Ī kim y	5	0	100	36	0	0	0		2	2	47	6	2	9	4	6	2	2	23	1	2	2	64	3	0	0	0		1	7	0	10	23	180	0	1
179	Thļi Th­ęng	5	0	100	37	0	0	0		0	0	0	1	0	0	0	1	0	0	0	1	0	0	0		0	0	0		1	1	0	2	24	180	0	1
180	Tö LĻng Th­ęng	5	0	100	38	0	0	0		0	0	0	1	0	0	0	1	0	0	0	1	0	0	0		0	0	0		1	1	0	2	24	180	0	1
181	Tö Nhung Th­ęng	5	0	100	39	0	0	0		2	2	15	4	2	9	1	4	2	2	62	1	0	0	0		0	0	0		1	1	0	4	24	180	0	1
182	TĐm Ęn Th­ęng	5	0	100	40	0	0	0		2	2	15	4	2	9	1	4	2	2	62	2	0	0	0		0	0	0		1	1	0	4	24	180	0	1
183	Vō LuyÖn Th­ęng	5	0	100	41	0	0	0		2	2	16	4	2	9	2	4	2	2	62	3	0	0	0		0	0	0		1	1	0	4	24	180	0	1
184	ThiŠn Ma Th­ęng	5	0	100	42	0	0	0		2	2	16	4	2	9	2	4	2	2	62	3	0	0	0		0	0	0		1	1	0	4	24	180	0	1
185	LuyÖn Giļp Th­ęng	5	0	100	43	0	0	0		2	2	18	4	2	9	3	4	2	2	21	1	2	2	62	4	0	0	0		1	2	0	6	24	180	0	1
186	Hoļn Hoa Th­ęng	5	0	100	44	0	0	0		2	2	18	4	2	9	3	4	2	2	21	1	2	2	62	4	0	0	0		1	2	0	6	24	180	0	1
187	CČm Anh Th­ęng	5	0	100	45	0	0	0		2	2	17	4	2	2	52	4	2	2	22	1	2	2	63	1	0	0	0		1	3	0	8	24	180	0	1
188	Nũ KiÖt Th­ęng	5	0	100	46	0	0	0		2	2	17	4	2	2	52	4	2	2	22	1	2	2	63	1	0	0	0		1	3	0	8	24	180	0	1
189	Thanh Linh Th­ęng	5	0	100	47	0	0	0		2	2	46	4	2	2	53	4	2	2	22	1	2	2	63	2	0	0	0		1	4	0	8	24	180	0	1
190	Hång NghŠ Th­ęng	5	0	100	48	0	0	0		2	2	46	4	2	2	53	4	2	2	22	1	2	2	63	2	0	0	0		1	4	0	8	24	180	0	1
191	LĐn Quang giļp	5	0	100	49	0	0	0		2	2	20	5	2	2	54	5	2	2	22	1	2	2	64	1	0	0	0		1	5	0	8	24	180	0	1
192	Hå CŽ Vō y	5	0	100	50	0	0	0		2	2	20	5	2	2	54	5	2	2	22	1	2	2	64	1	0	0	0		1	5	0	10	24	180	0	1
193	Minh Quang giļp	5	0	100	51	0	0	0		2	10	7	5	2	2	55	5	2	2	23	1	2	2	64	2	0	0	0		1	6	0	10	24	180	0	1
194	NghŠ Th­ęng Vō y	5	0	100	52	0	0	0		2	10	7	5	2	2	55	5	2	2	23	1	2	2	64	2	0	0	0		1	6	0	10	24	180	0	1
195	ThiŠn y	5	0	100	53	0	0	0		2	2	47	5	2	9	4	5	2	2	23	1	2	2	64	3	0	0	0		1	6	0	10	24	180	0	1
196	Phi ThiŠn Thļi Th­ęng	5	0	100	54	0	0	0		2	2	47	6	2	9	4	6	2	2	23	1	2	2	64	3	0	0	0		1	7	0	10	24	180	0	1
197	Vō Th­ęng	5	0	100	55	0	0	0		0	0	0	1	0	0	0	1	0	0	0	1	0	0	0		0	0	0		1	1	0	2	25	180	0	1
198	Hång VĐn Th­ęng	5	0	100	56	0	0	0		0	0	0	1	0	0	0	1	0	0	0	1	0	0	0		0	0	0		1	1	0	2	25	180	0	1
199	Tö Kinh sam	5	0	100	57	0	0	0		2	2	15	4	2	9	1	4	2	2	62	1	0	0	0		0	0	0		1	1	0	4	25	180	0	1
200	Linh VËn Th­ęng	5	0	100	58	0	0	0		2	2	15	4	2	9	1	4	2	2	62	2	0	0	0		0	0	0		1	1	0	4	25	180	0	1
201	CĐn Quūc sam	5	0	100	59	0	0	0		2	2	16	4	2	9	2	4	2	2	62	3	0	0	0		0	0	0		1	1	0	4	25	180	0	1
202	Phong Vō Th­ęng	5	0	100	60	0	0	0		2	2	16	4	2	9	2	4	2	2	62	3	0	0	0		0	0	0		1	1	0	4	25	180	0	1
203	MËt VĐn Sam	5	0	100	61	0	0	0		2	2	18	4	2	9	3	4	2	2	21	1	2	2	62	4	0	0	0		1	2	0	6	25	180	0	1
204	Vâ §Ęu Th­ęng	5	0	100	62	0	0	0		2	2	18	4	2	9	3	4	2	2	21	1	2	2	62	4	0	0	0		1	2	0	6	25	180	0	1
205	ThiŠn Tĩm giļp y	5	0	100	63	0	0	0		2	2	17	4	2	2	52	4	2	2	22	1	2	2	63	1	0	0	0		1	3	0	8	25	180	0	1
206	û La Th­ęng	5	0	100	64	0	0	0		2	2	17	4	2	2	52	4	2	2	22	1	2	2	63	1	0	0	0		1	3	0	8	25	180	0	1
207	ThiŠn CŦng §Ęu y	5	0	100	65	0	0	0		2	2	46	4	2	2	53	4	2	2	22	1	2	2	63	2	0	0	0		1	4	0	8	25	180	0	1
208	Linh Lung Th­ęng	5	0	100	66	0	0	0		2	2	46	4	2	2	53	4	2	2	22	1	2	2	63	2	0	0	0		1	4	0	8	25	180	0	1
209	Thó V­Žng §Ęu y	5	0	100	67	0	0	0		2	2	20	5	2	2	54	5	2	2	22	1	2	2	64	1	0	0	0		1	5	0	8	25	180	0	1
210	Thļi Hoa Th­ęng	5	0	100	68	0	0	0		2	2	20	5	2	2	54	5	2	2	22	1	2	2	64	1	0	0	0		1	5	0	10	25	180	0	1
211	NghÞch VĐn §Ęu y	5	0	100	69	0	0	0		2	10	7	5	2	2	55	5	2	2	23	1	2	2	64	2	0	0	0		1	6	0	10	25	180	0	1
212	CČm VĐn Th­ęng	5	0	100	70	0	0	0		2	10	7	5	2	2	55	5	2	2	23	1	2	2	64	2	0	0	0		1	6	0	10	25	180	0	1
213	VŦ Song §Ęu y	5	0	100	71	0	0	0		2	2	47	5	2	9	4	5	2	2	23	1	2	2	64	3	0	0	0		1	6	0	10	25	180	0	1
214	Ngō Sūc NghŠ Th­ęng	5	0	100	72	0	0	0		2	2	47	6	2	9	4	6	2	2	23	1	2	2	64	3	0	0	0		1	7	0	10	25	180	0	1
215	MĻng xĩo	7	1	1	6	1	1	7	5	1	3	9	2	1	3	19	2	0	0	0		0	0	0		0	0	0		0	1	0	8	37	54	0	1
216	Lđc Mai	7	1	1	16	1	1	17	5	1	3	16	2	1	3	15	2	1	3	14	1	0	0	0		0	0	0		0	8	0	10	37	54	0	1
217	Minh NguyÖt Dđ	7	1	1	17	0	0	0		1	3	17	2	1	3	16	2	1	3	15	1	0	0	0		0	0	0		0	9	0	10	37	54	0	1
218	CŽm chiŠn trøng	7	1	1	14	1	1	15	5	1	3	16	2	1	3	15	2	1	3	14	1	0	0	0		0	0	0		0	8	0	10	36	54	0	1
219	Bļnh Bét vĩng	7	1	1	15	0	0	0		1	3	17	2	1	3	16	2	1	3	15	1	0	0	0		0	0	0		0	9	0	10	36	54	0	1
220	§én Long Bķo §ao	2	2	0	128	0	0	0		2	0	126	1	2	0	127	1	0	0	0		0	0	0		0	0	0		0	4	0	1	50	180	0	1
221	Bļch §iÓu QuĮn	5	2	0	131	0	0	0		2	0	129	1	2	0	130	1	0	0	0		0	0	0		0	0	0		0	4	0	1	50	180	0	1
222	Rūn hĮm §­Žng Quy	7	2	0	134	0	0	0		2	0	132	1	2	0	133	1	0	0	0		0	0	0		0	0	0		0	4	0	1	50	180	0	1
223	§én Long Bķo §ao	3	2	0	128	0	0	0		2	0	126	1	2	0	127	1	0	0	0		0	0	0		0	0	0		0	4	0	1	50	180	0	1
224	§én Long Bķo §ao	4	2	0	128	0	0	0		2	0	126	1	2	0	127	1	0	0	0		0	0	0		0	0	0		0	4	0	1	50	180	0	1
225	Rūn hĮm §­Žng Quy	6	2	0	134	0	0	0		2	0	132	1	2	0	133	1	0	0	0		0	0	0		0	0	0		0	4	0	1	50	180	0	1
226	D­Žng ChĐu Håi phï	8	1	5	7	0	0	0		2	2	65	1	2	1	907	1	0	0	0		0	0	0		0	0	0		0	1	0	1	42	54	0	1
227	Giļo quĐn dông	2	2	0	314	0	0	0		2	0	307	5	2	0	308	5	2	0	310	5	0	0	0		0	0	0		0	1	0	1	50	90	0	1
228	KiÕm dĩi quĐn dông	3	2	0	315	0	0	0		2	0	307	5	2	0	308	5	2	0	311	5	0	0	0		0	0	0		0	1	0	1	50	90	0	1
229	Tói tŠn quĐn dông	4	2	0	316	0	0	0		2	0	308	5	2	0	310	5	2	0	311	5	0	0	0		0	0	0		0	1	0	1	50	90	0	1
230	KhŦi giļp quĐn dông	5	2	0	317	0	0	0		2	0	310	5	2	0	311	5	2	0	308	5	0	0	0		0	0	0		0	1	0	1	50	90	0	1
231	GiĘy bïa quĐn dông	8	2	0	318	0	0	0		2	0	313	5	2	0	311	5	2	0	310	5	0	0	0		0	0	0		0	1	0	1	50	54	0	1
232	Y d­îc quĐn dông	6	2	0	319	0	0	0		2	0	312	5	2	0	313	5	2	0	309	5	0	0	0		0	0	0		0	1	0	1	50	54	0	1
233	L­Žng thųc quĐn dông	7	2	0	320	0	0	0		2	0	309	5	2	0	312	5	2	0	308	5	0	0	0		0	0	0		0	1	0	1	50	54	0	1
234	Bđch NhËt ŪŽn	6	1	0	17	0	0	0		1	2	8	2	1	2	1	3	1	3	19	2	2	2	28	1	0	0	0		0	1	0	4	32	54	0	1
235	Toĩn Sinh ŪŽn	6	1	0	18	0	0	0		1	2	2	3	1	2	1	2	1	3	10	2	2	2	28	3	0	0	0		0	3	0	4	32	54	0	1
236	ChiŠu Hån ŪŽn	6	1	0	19	0	0	0		1	2	3	3	1	2	2	2	1	3	11	2	2	2	28	5	0	0	0		0	5	0	4	32	54	0	1
237	Ng­ DÞch §Žn	6	1	0	20	0	0	0		1	2	9	3	1	2	3	2	1	3	12	2	2	2	28	8	0	0	0		0	7	0	6	32	54	0	1
238	BŦn Tinh NguyÖt §Žn	6	1	0	21	0	0	0		1	2	11	3	1	2	10	2	1	3	13	2	2	2	28	10	0	0	0		0	8	0	6	32	54	0	1
239	Ých D­Žng tļn	6	1	0	22	0	0	0		1	2	8	2	1	2	1	3	1	3	19	2	2	2	28	1	0	0	0		0	1	0	4	32	54	0	1
240	ThiŠn Kim tļn	6	1	0	23	0	0	0		1	2	2	3	1	2	1	2	1	3	10	2	2	2	28	3	0	0	0		0	3	0	4	32	54	0	1
241	Bæ ThiŠn tļn	6	1	0	24	0	0	0		1	2	3	3	1	2	2	2	1	3	11	2	2	2	28	5	0	0	0		0	5	0	4	32	54	0	1
242	ThĘt Trïng ThĘt Hoa Tļn	6	1	0	25	0	0	0		1	2	9	3	1	2	3	2	1	3	12	2	2	2	28	8	0	0	0		0	7	0	6	32	54	0	1
243	§đi NhËt D­Žng Tļn	6	1	0	26	0	0	0		1	2	11	3	1	2	10	2	1	3	13	2	2	2	28	10	0	0	0		0	8	0	6	32	54	0	1
244	Giķi §éc ŪŽn	6	1	0	27	0	0	0		1	2	8	1	1	2	1	1	1	3	19	2	2	2	28	1	0	0	0		0	1	0	4	33	54	0	1
245	ChØ Thņy ŪŽn	6	1	0	28	0	0	0		1	2	2	1	1	2	1	1	1	3	10	2	2	2	28	2	0	0	0		0	3	0	4	33	54	0	1
246	Bĩi VĐn ŪŽn	6	1	0	29	0	0	0		1	2	3	1	1	2	2	1	1	3	11	2	2	2	28	3	0	0	0		0	5	0	4	33	54	0	1
247	Cĩn NguyŠn ChÝnh KhÝ §Žn	6	1	0	30	0	0	0		1	2	9	1	1	2	3	1	1	3	12	2	2	2	28	4	0	0	0		0	7	0	6	33	54	0	1
248	ThiŠn V­Žng Bæ TĐm §Žn	6	1	0	31	0	0	0		1	2	11	1	1	2	10	1	1	3	13	2	2	2	28	5	0	0	0		0	8	0	6	33	54	0	1
249	ThiÕu HiÖp CĐn	10	0	103	1	0	0	0		0	0	0	1	0	0	0	1	0	0	0	1	0	0	0		0	0	0		1	1	0	2	22	180	0	1
250	Phong Vō CĐn	10	0	103	2	0	0	0		0	0	0	1	0	0	0	1	0	0	0	1	0	0	0		0	0	0		1	1	0	2	22	180	0	1
251	Anh Hïng CĐn	10	0	103	3	0	0	0		2	2	15	4	2	9	1	4	2	2	62	1	0	0	0		0	0	0		1	1	0	4	22	180	0	1
252	CČm Bč cĐn	10	0	103	4	0	0	0		2	2	15	4	2	9	1	4	2	2	62	2	0	0	0		0	0	0		1	1	0	4	22	180	0	1
253	M·n NguyÖt Lđp	10	0	103	5	0	0	0		2	2	16	4	2	9	2	4	2	2	62	3	0	0	0		0	0	0		1	1	0	4	22	180	0	1
254	Kim Phong Quļn	10	0	103	6	0	0	0		2	2	16	4	2	9	2	4	2	2	62	3	0	0	0		0	0	0		1	1	0	4	22	180	0	1
255	MŦng DiÖn CĐn	10	0	103	7	0	0	0		2	2	18	4	2	9	3	4	2	2	21	1	2	2	62	4	0	0	0		1	2	0	6	22	180	0	1
256	Hoa D­Žng cĐn	10	0	103	8	0	0	0		2	2	18	4	2	9	3	4	2	2	21	1	2	2	62	4	0	0	0		1	2	0	6	22	180	0	1
257	ThiÕt TuyÕn Lđp	10	0	103	9	0	0	0		2	2	17	4	2	2	52	4	2	2	22	1	2	2	63	1	0	0	0		1	3	0	8	22	180	0	1
258	DËt Čn Quļn	10	0	103	10	0	0	0		2	2	17	4	2	2	52	4	2	2	22	1	2	2	63	1	0	0	0		1	3	0	8	22	180	0	1
259	Hång LĻng CĐn	10	0	103	11	0	0	0		2	2	46	4	2	2	53	4	2	2	22	1	2	2	63	2	0	0	0		1	4	0	8	22	180	0	1
260	Hĩng VĐn Thóc Ūļi	10	0	103	12	0	0	0		2	2	46	4	2	2	53	4	2	2	22	1	2	2	63	2	0	0	0		1	4	0	8	22	180	0	1
261	Thanh Sa Nh·n Trļo	10	0	103	13	0	0	0		2	2	20	5	2	2	54	5	2	2	22	1	2	2	64	1	0	0	0		1	5	0	8	22	180	0	1
262	XÝch Tinh Nh·n Trļo	10	0	103	14	0	0	0		2	2	20	5	2	2	54	5	2	2	22	1	2	2	64	1	0	0	0		1	5	0	10	22	180	0	1
263	Phi VĐn Lđp	10	0	103	15	0	0	0		2	10	7	5	2	2	55	5	2	2	23	1	2	2	64	2	0	0	0		1	6	0	10	22	180	0	1
264	TuyÖt Bķo Quļn	10	0	103	16	0	0	0		2	10	7	5	2	2	55	5	2	2	23	1	2	2	64	2	0	0	0		1	6	0	10	22	180	0	1
265	SŽn Quû DiÖn	10	0	103	17	0	0	0		2	2	47	5	2	9	4	5	2	2	23	1	2	2	64	3	0	0	0		1	6	0	10	22	180	0	1
266	MËt ThĮn quļn	10	0	103	18	0	0	0		2	2	47	6	2	9	4	6	2	2	23	1	2	2	64	3	0	0	0		1	7	0	10	22	180	0	1
267	HiÖp ThiÕu bč cĐn	10	0	103	19	0	0	0		0	0	0	1	0	0	0	1	0	0	0	1	0	0	0		0	0	0		1	1	0	2	23	180	0	1
268	Hūc CČm bč cĐn	10	0	103	20	0	0	0		0	0	0	1	0	0	0	1	0	0	0	1	0	0	0		0	0	0		1	1	0	2	23	180	0	1
269	Ng­u BŨ ŪĮu cĐn	10	0	103	21	0	0	0		2	2	15	4	2	9	1	4	2	2	62	1	0	0	0		0	0	0		1	1	0	4	23	180	0	1
270	Kim §iŌu cĐn	10	0	103	22	0	0	0		2	2	15	4	2	9	1	4	2	2	62	2	0	0	0		0	0	0		1	1	0	4	23	180	0	1
271	Vō Thūng Sa M·o	10	0	103	23	0	0	0		2	2	16	4	2	9	2	4	2	2	62	3	0	0	0		0	0	0		1	1	0	4	23	180	0	1
272	Hoĩng Trï Thóc cĐn	10	0	103	24	0	0	0		2	2	16	4	2	9	2	4	2	2	62	3	0	0	0		0	0	0		1	1	0	4	23	180	0	1
273	ThĮn Méc cĐn	10	0	103	25	0	0	0		2	2	18	4	2	9	3	4	2	2	21	1	2	2	62	4	0	0	0		1	2	0	6	23	180	0	1
274	Nh­îc Thņy Lđp	10	0	103	26	0	0	0		2	2	18	4	2	9	3	4	2	2	21	1	2	2	62	4	0	0	0		1	2	0	6	23	180	0	1
275	Chu T­íc Thóc cĐn	10	0	103	27	0	0	0		2	2	17	4	2	2	52	4	2	2	22	1	2	2	63	1	0	0	0		1	3	0	8	23	180	0	1
276	Hķi ThĮn kÕt	10	0	103	28	0	0	0		2	2	17	4	2	2	52	4	2	2	22	1	2	2	63	1	0	0	0		1	3	0	8	23	180	0	1
277	§Þnh Qučc Tö CĐn	10	0	103	29	0	0	0		2	2	46	4	2	2	53	4	2	2	22	1	2	2	63	2	0	0	0		1	4	0	8	23	180	0	1
278	MËt NhÉn DiÖn trļo	10	0	103	30	0	0	0		2	2	46	4	2	2	53	4	2	2	22	1	2	2	63	2	0	0	0		1	4	0	8	23	180	0	1
279	ThĮn Sļch Kim KhŦi	10	0	103	31	0	0	0		2	2	20	5	2	2	54	5	2	2	22	1	2	2	64	1	0	0	0		1	5	0	8	23	180	0	1
280	Ngō Quû cĐn	10	0	103	32	0	0	0		2	2	20	5	2	2	54	5	2	2	22	1	2	2	64	1	0	0	0		1	5	0	10	23	180	0	1
281	Tinh Cang ChiÕn KhŦi	10	0	103	33	0	0	0		2	10	7	5	2	2	55	5	2	2	23	1	2	2	64	2	0	0	0		1	6	0	10	23	180	0	1
282	LŦi TrŨ diÖn	10	0	103	34	0	0	0		2	10	7	5	2	2	55	5	2	2	23	1	2	2	64	2	0	0	0		1	6	0	10	23	180	0	1
283	Chung Quú diÖn	10	0	103	35	0	0	0		2	2	47	5	2	9	4	5	2	2	23	1	2	2	64	3	0	0	0		1	6	0	10	23	180	0	1
284	DÞ ThĮn cĐn	10	0	103	36	0	0	0		2	2	47	6	2	9	4	6	2	2	23	1	2	2	64	3	0	0	0		1	7	0	10	23	180	0	1
285	§ĩo Méc TrĐm	10	0	103	37	0	0	0		0	0	0	1	0	0	0	1	0	0	0	1	0	0	0		0	0	0		1	1	0	2	24	180	0	1
286	Thļi Méc TrĐm	10	0	103	38	0	0	0		0	0	0	1	0	0	0	1	0	0	0	1	0	0	0		0	0	0		1	1	0	2	24	180	0	1
287	Phßng Phong Lđp	10	0	103	39	0	0	0		2	2	15	4	2	9	1	4	2	2	62	1	0	0	0		0	0	0		1	1	0	4	24	180	0	1
288	TÞ Thņy Lđp	10	0	103	40	0	0	0		2	2	15	4	2	9	1	4	2	2	62	2	0	0	0		0	0	0		1	1	0	4	24	180	0	1
289	Thanh §ång kÕt	10	0	103	41	0	0	0		2	2	16	4	2	9	2	4	2	2	62	3	0	0	0		0	0	0		1	1	0	4	24	180	0	1
290	San HŦ trĐm	10	0	103	42	0	0	0		2	2	16	4	2	9	2	4	2	2	62	3	0	0	0		0	0	0		1	1	0	4	24	180	0	1
291	Bĩn Thđch kÕt	10	0	103	43	0	0	0		2	2	18	4	2	9	3	4	2	2	21	1	2	2	62	4	0	0	0		1	2	0	6	24	180	0	1
292	Khæng T­íc TrĐm	10	0	103	44	0	0	0		2	2	18	4	2	9	3	4	2	2	21	1	2	2	62	4	0	0	0		1	2	0	6	24	180	0	1
293	Chu T­íc Phļt KÕt	10	0	103	45	0	0	0		2	2	17	4	2	2	52	4	2	2	22	1	2	2	63	1	0	0	0		1	3	0	8	24	180	0	1
294	§ŧng Xĩ trĐm	10	0	103	46	0	0	0		2	2	17	4	2	2	52	4	2	2	22	1	2	2	63	1	0	0	0		1	3	0	8	24	180	0	1
295	Minh §iÖp kÕt	10	0	103	47	0	0	0		2	2	46	4	2	2	53	4	2	2	22	1	2	2	63	2	0	0	0		1	4	0	8	24	180	0	1
296	Kim Phông TrĐm	10	0	103	48	0	0	0		2	2	46	4	2	2	53	4	2	2	22	1	2	2	63	2	0	0	0		1	4	0	8	24	180	0	1
297	§Þa KiÖt	10	0	103	49	0	0	0		2	2	20	5	2	2	54	5	2	2	22	1	2	2	64	1	0	0	0		1	5	0	8	24	180	0	1
298	§ođt hån	10	0	103	50	0	0	0		2	2	20	5	2	2	54	5	2	2	22	1	2	2	64	1	0	0	0		1	5	0	10	24	180	0	1
299	NhËt MiÖn	10	0	103	51	0	0	0		2	10	7	5	2	2	55	5	2	2	23	1	2	2	64	2	0	0	0		1	6	0	10	24	180	0	1
300	ThĮn Ī	10	0	103	52	0	0	0		2	10	7	5	2	2	55	5	2	2	23	1	2	2	64	2	0	0	0		1	6	0	10	24	180	0	1
301	Tu La	10	0	103	53	0	0	0		2	2	47	5	2	9	4	5	2	2	23	1	2	2	64	3	0	0	0		1	6	0	10	24	180	0	1
302	Chu T­íc	10	0	103	54	0	0	0		2	2	47	6	2	9	4	6	2	2	23	1	2	2	64	3	0	0	0		1	7	0	10	24	180	0	1
303	§ĩo Méc thoa	10	0	103	55	0	0	0		0	0	0	1	0	0	0	1	0	0	0	1	0	0	0		0	0	0		1	1	0	2	25	180	0	1
304	Thļi VĻn Méc trĐm	10	0	103	56	0	0	0		0	0	0	1	0	0	0	1	0	0	0	1	0	0	0		0	0	0		1	1	0	2	25	180	0	1
305	TrĮm Méc Thóc trĐm	10	0	103	57	0	0	0		2	2	15	4	2	9	1	4	2	2	62	1	0	0	0		0	0	0		1	1	0	4	25	180	0	1
306	NgĐn Linh TrĐm	10	0	103	58	0	0	0		2	2	15	4	2	9	1	4	2	2	62	2	0	0	0		0	0	0		1	1	0	4	25	180	0	1
307	Quû DiÖn Thóc cĐn	10	0	103	59	0	0	0		2	2	16	4	2	9	2	4	2	2	62	3	0	0	0		0	0	0		1	1	0	4	25	180	0	1
308	Thanh Lam cĐn	10	0	103	60	0	0	0		2	2	16	4	2	9	2	4	2	2	62	3	0	0	0		0	0	0		1	1	0	4	25	180	0	1
309	Lam §iÖp Thóc cĐn	10	0	103	61	0	0	0		2	2	18	4	2	9	3	4	2	2	21	1	2	2	62	4	0	0	0		1	2	0	6	25	180	0	1
310	Bđch Hång TrĐm	10	0	103	62	0	0	0		2	2	18	4	2	9	3	4	2	2	21	1	2	2	62	4	0	0	0		1	2	0	6	25	180	0	1
311	ThiŠn CŽ Thóc trĐm	10	0	103	63	0	0	0		2	2	17	4	2	2	52	4	2	2	22	1	2	2	63	1	0	0	0		1	3	0	8	25	180	0	1
312	ThiŠn La Thoa	10	0	103	64	0	0	0		2	2	17	4	2	2	52	4	2	2	22	1	2	2	63	1	0	0	0		1	3	0	8	25	180	0	1
313	ThiŠn Phong Thóc trĐm	10	0	103	65	0	0	0		2	2	46	4	2	2	53	4	2	2	22	1	2	2	63	2	0	0	0		1	4	0	8	25	180	0	1
314	VĐn Méng Thoa	10	0	103	66	0	0	0		2	2	46	4	2	2	53	4	2	2	22	1	2	2	63	2	0	0	0		1	4	0	8	25	180	0	1
315	Phi §iÓu	10	0	103	67	0	0	0		2	2	20	5	2	2	54	5	2	2	22	1	2	2	64	1	0	0	0		1	5	0	8	25	180	0	1
316	Hång Cčc	10	0	103	68	0	0	0		2	2	20	5	2	2	54	5	2	2	22	1	2	2	64	1	0	0	0		1	5	0	10	25	180	0	1
317	Bķo T­îng	10	0	103	69	0	0	0		2	10	7	5	2	2	55	5	2	2	23	1	2	2	64	2	0	0	0		1	6	0	10	25	180	0	1
318	Phong LŦi	10	0	103	70	0	0	0		2	10	7	5	2	2	55	5	2	2	23	1	2	2	64	2	0	0	0		1	6	0	10	25	180	0	1
319	Vu Hĩm	10	0	103	71	0	0	0		2	2	47	5	2	9	4	5	2	2	23	1	2	2	64	3	0	0	0		1	6	0	10	25	180	0	1
320	Tr­ęng sinh	10	0	103	72	0	0	0		2	2	47	6	2	9	4	6	2	2	23	1	2	2	64	3	0	0	0		1	7	0	10	25	180	0	1
321	HiÖp ThiÕu Bč Trang	9	0	101	1	0	0	0		0	0	0	1	0	0	0	1	0	0	0	1	0	0	0		0	0	0		1	1	0	2	22	180	0	1
322	ViÔn Tóc trang	9	0	101	2	0	0	0		0	0	0	1	0	0	0	1	0	0	0	1	0	0	0		0	0	0		1	1	0	2	22	180	0	1
323	Lang BŨ trang	9	0	101	3	0	0	0		2	2	15	4	2	9	1	4	2	2	62	1	0	0	0		0	0	0		1	1	0	4	22	180	0	1
324	Nh­ ý trang	9	0	101	4	0	0	0		2	2	15	4	2	9	1	4	2	2	62	2	0	0	0		0	0	0		1	1	0	4	22	180	0	1
325	Hæ BŨ trang	9	0	101	5	0	0	0		2	2	16	4	2	9	2	4	2	2	62	3	0	0	0		0	0	0		1	1	0	4	22	180	0	1
326	Khinh Giļp trang	9	0	101	6	0	0	0		2	2	16	4	2	9	2	4	2	2	62	3	0	0	0		0	0	0		1	1	0	4	22	180	0	1
327	Dđ Hĩnh trang	9	0	101	7	0	0	0		2	2	18	4	2	9	3	4	2	2	21	1	2	2	62	4	0	0	0		1	2	0	6	22	180	0	1
328	Háa T­ęng trang	9	0	101	8	0	0	0		2	2	18	4	2	9	3	4	2	2	21	1	2	2	62	4	0	0	0		1	2	0	6	22	180	0	1
329	XÝch LĐn trang	9	0	101	9	0	0	0		2	2	17	4	2	2	52	4	2	2	22	1	2	2	63	1	0	0	0		1	3	0	8	22	180	0	1
330	Nh­ ý trang	9	0	101	10	0	0	0		2	2	17	4	2	2	52	4	2	2	22	1	2	2	63	1	0	0	0		1	3	0	8	22	180	0	1
331	Long BŨ trang	9	0	101	11	0	0	0		2	2	46	4	2	2	53	4	2	2	22	1	2	2	63	2	0	0	0		1	4	0	8	22	180	0	1
332	HuyŌn ķnh trang	9	0	101	12	0	0	0		2	2	46	4	2	2	53	4	2	2	22	1	2	2	63	2	0	0	0		1	4	0	8	22	180	0	1
333	ThiŠn Lang trang	9	0	101	13	0	0	0		2	2	20	5	2	2	54	5	2	2	22	1	2	2	64	1	0	0	0		1	5	0	8	22	180	0	1
334	Phi Ng­ trang	9	0	101	14	0	0	0		2	2	20	5	2	2	54	5	2	2	22	1	2	2	64	1	0	0	0		1	5	0	10	22	180	0	1
335	Thanh VĐn trang	9	0	101	15	0	0	0		2	10	7	5	2	2	55	5	2	2	23	1	2	2	64	2	0	0	0		1	6	0	10	22	180	0	1
336	BÝch LĐn trang	9	0	101	16	0	0	0		2	10	7	5	2	2	55	5	2	2	23	1	2	2	64	2	0	0	0		1	6	0	10	22	180	0	1
337	Sļt KiÕp trang	9	0	101	17	0	0	0		2	2	47	5	2	9	4	5	2	2	23	1	2	2	64	3	0	0	0		1	6	0	10	22	180	0	1
338	Ī Tĩm trang	9	0	101	18	0	0	0		2	2	47	6	2	9	4	6	2	2	23	1	2	2	64	3	0	0	0		1	7	0	10	22	180	0	1
339	HiÖp ThiÕu trang	9	0	101	19	0	0	0		0	0	0	1	0	0	0	1	0	0	0	1	0	0	0		0	0	0		1	1	0	2	23	180	0	1
340	Håi Phong trang	9	0	101	20	0	0	0		0	0	0	1	0	0	0	1	0	0	0	1	0	0	0		0	0	0		1	1	0	2	23	180	0	1
341	M·ng Ng­u trang	9	0	101	21	0	0	0		2	2	15	4	2	9	1	4	2	2	62	1	0	0	0		0	0	0		1	1	0	4	23	180	0	1
342	Kim TŽ trang	9	0	101	22	0	0	0		2	2	15	4	2	9	1	4	2	2	62	2	0	0	0		0	0	0		1	1	0	4	23	180	0	1
343	Hĩo HiÖp trang	9	0	101	23	0	0	0		2	2	16	4	2	9	2	4	2	2	62	3	0	0	0		0	0	0		1	1	0	4	23	180	0	1
344	Kim Lō trang	9	0	101	24	0	0	0		2	2	16	4	2	9	2	4	2	2	62	3	0	0	0		0	0	0		1	1	0	4	23	180	0	1
345	Du HiÖp trang	9	0	101	25	0	0	0		2	2	18	4	2	9	3	4	2	2	21	1	2	2	62	4	0	0	0		1	2	0	6	23	180	0	1
346	Hæ BŨ KŨnh Trang	9	0	101	26	0	0	0		2	2	18	4	2	9	3	4	2	2	21	1	2	2	62	4	0	0	0		1	2	0	6	23	180	0	1
347	CČm Lan trang	9	0	101	27	0	0	0		2	2	17	4	2	2	52	4	2	2	22	1	2	2	63	1	0	0	0		1	3	0	8	23	180	0	1
348	Thanh S­Žng trang	9	0	101	28	0	0	0		2	2	17	4	2	2	52	4	2	2	22	1	2	2	63	1	0	0	0		1	3	0	8	23	180	0	1
349	ThiŠn Phong trang	9	0	101	29	0	0	0		2	2	46	4	2	2	53	4	2	2	22	1	2	2	63	2	0	0	0		1	4	0	8	23	180	0	1
350	BÝ Čn trang	9	0	101	30	0	0	0		2	2	46	4	2	2	53	4	2	2	22	1	2	2	63	2	0	0	0		1	4	0	8	23	180	0	1
351	ThĮn Sļch trang	9	0	101	31	0	0	0		2	2	20	5	2	2	54	5	2	2	22	1	2	2	64	1	0	0	0		1	5	0	8	23	180	0	1
352	ThiŠn LŦi trang	9	0	101	32	0	0	0		2	2	20	5	2	2	54	5	2	2	22	1	2	2	64	1	0	0	0		1	5	0	10	23	180	0	1
353	Nhu C­Žng trang	9	0	101	33	0	0	0		2	10	7	5	2	2	55	5	2	2	23	1	2	2	64	2	0	0	0		1	6	0	10	23	180	0	1
354	Cuång ViŠm trang	9	0	101	34	0	0	0		2	10	7	5	2	2	55	5	2	2	23	1	2	2	64	2	0	0	0		1	6	0	10	23	180	0	1
355	HuyÕt Hĩ trang	9	0	101	35	0	0	0		2	2	47	5	2	9	4	5	2	2	23	1	2	2	64	3	0	0	0		1	6	0	10	23	180	0	1
356	ThiŠn C­Žng Trang	9	0	101	36	0	0	0		2	2	47	6	2	9	4	6	2	2	23	1	2	2	64	3	0	0	0		1	7	0	10	23	180	0	1
357	Thļi Tó Trang	9	0	101	37	0	0	0		0	0	0	1	0	0	0	1	0	0	0	1	0	0	0		0	0	0		1	1	0	2	24	180	0	1
358	Hå CŽ Tó Trang	9	0	101	38	0	0	0		0	0	0	1	0	0	0	1	0	0	0	1	0	0	0		0	0	0		1	1	0	2	24	180	0	1
359	Hūc Nhung Tó Trang	9	0	101	39	0	0	0		2	2	15	4	2	9	1	4	2	2	62	1	0	0	0		0	0	0		1	1	0	4	24	180	0	1
360	BÝch VĐn Tó Trang	9	0	101	40	0	0	0		2	2	15	4	2	9	1	4	2	2	62	2	0	0	0		0	0	0		1	1	0	4	24	180	0	1
361	Vâ LuyÖn Tó Trang	9	0	101	41	0	0	0		2	2	16	4	2	9	2	4	2	2	62	3	0	0	0		0	0	0		1	1	0	4	24	180	0	1
362	Háa Cļn Tó Trang	9	0	101	42	0	0	0		2	2	16	4	2	9	2	4	2	2	62	3	0	0	0		0	0	0		1	1	0	4	24	180	0	1
363	LuyÖn Giļp Tó Trang	9	0	101	43	0	0	0		2	2	18	4	2	9	3	4	2	2	21	1	2	2	62	4	0	0	0		1	2	0	6	24	180	0	1
364	S­ Man Tó Trang	9	0	101	44	0	0	0		2	2	18	4	2	9	3	4	2	2	21	1	2	2	62	4	0	0	0		1	2	0	6	24	180	0	1
365	CČm Anh Tó Trang	9	0	101	45	0	0	0		2	2	17	4	2	2	52	4	2	2	22	1	2	2	63	1	0	0	0		1	3	0	8	24	180	0	1
366	VĐn Hĩ Tó Trang	9	0	101	46	0	0	0		2	2	17	4	2	2	52	4	2	2	22	1	2	2	63	1	0	0	0		1	3	0	8	24	180	0	1
367	Toĩn Kim Giļp Trang	9	0	101	47	0	0	0		2	2	46	4	2	2	53	4	2	2	22	1	2	2	63	2	0	0	0		1	4	0	8	24	180	0	1
368	Hång VĐn Tó Trang	9	0	101	48	0	0	0		2	2	46	4	2	2	53	4	2	2	22	1	2	2	63	2	0	0	0		1	4	0	8	24	180	0	1
369	LŦi ThĮn	9	0	101	49	0	0	0		2	2	20	5	2	2	54	5	2	2	22	1	2	2	64	1	0	0	0		1	5	0	8	24	180	0	1
370	ThiŠn M·	9	0	101	50	0	0	0		2	2	20	5	2	2	54	5	2	2	22	1	2	2	64	1	0	0	0		1	5	0	10	24	180	0	1
371	Phļ TrËn	9	0	101	51	0	0	0		2	10	7	5	2	2	55	5	2	2	23	1	2	2	64	2	0	0	0		1	6	0	10	24	180	0	1
372	PhĘt VĐn	9	0	101	52	0	0	0		2	10	7	5	2	2	55	5	2	2	23	1	2	2	64	2	0	0	0		1	6	0	10	24	180	0	1
373	Hæ TiÕu	9	0	101	53	0	0	0		2	2	47	5	2	9	4	5	2	2	23	1	2	2	64	3	0	0	0		1	6	0	10	24	180	0	1
374	Thļi Thanh	9	0	101	54	0	0	0		2	2	47	6	2	9	4	6	2	2	23	1	2	2	64	3	0	0	0		1	7	0	10	24	180	0	1
375	ThiÓn Thķo Tó Trang	9	0	101	55	0	0	0		0	0	0	1	0	0	0	1	0	0	0	1	0	0	0		0	0	0		1	1	0	2	25	180	0	1
376	Tö Hĩ Tó Trang	9	0	101	56	0	0	0		0	0	0	1	0	0	0	1	0	0	0	1	0	0	0		0	0	0		1	1	0	2	25	180	0	1
377	Phong TrĮn Tó Trang	9	0	101	57	0	0	0		2	2	15	4	2	9	1	4	2	2	62	1	0	0	0		0	0	0		1	1	0	4	25	180	0	1
378	Linh VËn Tó Trang	9	0	101	58	0	0	0		2	2	15	4	2	9	1	4	2	2	62	2	0	0	0		0	0	0		1	1	0	4	25	180	0	1
379	Phi Hång Tó Trang	9	0	101	59	0	0	0		2	2	16	4	2	9	2	4	2	2	62	3	0	0	0		0	0	0		1	1	0	4	25	180	0	1
380	Phong Vō Tó Trang	9	0	101	60	0	0	0		2	2	16	4	2	9	2	4	2	2	62	3	0	0	0		0	0	0		1	1	0	4	25	180	0	1
381	H·m TrËn Tó Trang	9	0	101	61	0	0	0		2	2	18	4	2	9	3	4	2	2	21	1	2	2	62	4	0	0	0		1	2	0	6	25	180	0	1
382	BÝch Hå Tó Trang	9	0	101	62	0	0	0		2	2	18	4	2	9	3	4	2	2	21	1	2	2	62	4	0	0	0		1	2	0	6	25	180	0	1
383	ThiŠn Tĩm Tó Trang	9	0	101	63	0	0	0		2	2	17	4	2	2	52	4	2	2	22	1	2	2	63	1	0	0	0		1	3	0	8	25	180	0	1
384	Khëi La Tó Trang	9	0	101	64	0	0	0		2	2	17	4	2	2	52	4	2	2	22	1	2	2	63	1	0	0	0		1	3	0	8	25	180	0	1
385	Vâ ThĮn Tó Trang	9	0	101	65	0	0	0		2	2	46	4	2	2	53	4	2	2	22	1	2	2	63	2	0	0	0		1	4	0	8	25	180	0	1
386	Linh Lung Tó Trang	9	0	101	66	0	0	0		2	2	46	4	2	2	53	4	2	2	22	1	2	2	63	2	0	0	0		1	4	0	8	25	180	0	1
387	Bļch ChiÕn	9	0	101	67	0	0	0		2	2	20	5	2	2	54	5	2	2	22	1	2	2	64	1	0	0	0		1	5	0	8	25	180	0	1
388	ThĮn Nũ	9	0	101	68	0	0	0		2	2	20	5	2	2	54	5	2	2	22	1	2	2	64	1	0	0	0		1	5	0	10	25	180	0	1
389	Vō Linh	9	0	101	69	0	0	0		2	10	7	5	2	2	55	5	2	2	23	1	2	2	64	2	0	0	0		1	6	0	10	25	180	0	1
390	Tķn Hoa	9	0	101	70	0	0	0		2	10	7	5	2	2	55	5	2	2	23	1	2	2	64	2	0	0	0		1	6	0	10	25	180	0	1
391	Hång Ngäc	9	0	101	71	0	0	0		2	2	47	5	2	9	4	5	2	2	23	1	2	2	64	3	0	0	0		1	6	0	10	25	180	0	1
392	XuĘt VĐn	9	0	101	72	0	0	0		2	2	47	6	2	9	4	6	2	2	23	1	2	2	64	3	0	0	0		1	7	0	10	25	180	0	1
																																					
																																					
																																					
																																					
																																					
																																					
																																					
																																					
																																					
																																					
																																					
																																					
																																					
																																					
																																					
																																					
																																					
																																					
																																					
																																					
																																					
																																					
																																					
																																					
																																					
																																					
																																					
																																					
																																					
																																					
																																					
																																					
																																					
																																					
																																					
																																					
																																					
																																					
																																					
																																					
																																					
																																					
																																					
																																					
																																					
																																					
																																					
																																					
																																					
																																					
																																					
																																					
																																					
																																					
																																					
																																					
																																					
																																					
																																					
																																					
																																					
																																					
																																					
																																					
																																					
																																					
																																					
																																					
																																					
																																					
																																					
																																					
																																					
																																					
																																					
																																					
																																					
																																					
																																					
																																					
																																					
																																					
																																					
																																					
																																					
																																					
																																					
																																					
																																					
																																					
																																					
																																					
																																					
																																					
																																					
																																					
																																					
																																					
																																					
																																					
																																					
																																					
																																					
																																					
																																					
																																					
																																					
																																					
																																					
																																					
																																					
																																					
																																					
																																					
																																					
																																					
																																					
																																					
																																					
																																					
																																					
																																					
																																					
																																					
																																					
																																					
																																					
																																					
																																					
																																					
																																					
																																					
																																					
																																					
																																					
																																					
																																					
																																					
																																					
																																					
																																					
																																					
																																					
																																					
																																					
																																					
																																					
																																					
																																					
																																					
																																					
																																					
																																					
																																					
																																					
																																					
																																					
																																					
																																					
																																					
																																					
																																					
																																					
																																					
																																					
																																					
																																					
																																					
																																					
																																					
																																					
																																					
																																					
																																					
																																					
																																					
																																					
																																					
																																					
																																					
																																					
																																					
																																					
																																					
																																					
																																					
																																					
																																					
																																					
																																					
																																					
																																					
																																					
																																					
																																					
																																					
																																					
																																					
																																					
																																					
																																					
																																					
																																					
																																					
																																					
																																					
																																					
																																					
																																					
																																					
																																					
																																					
																																					
																																					
																																					
																																					
																																					
																																					
																																					
																																					
																																					
																																					
																																					
																																					
																																					
																																					
																																					
																																					
																																					
																																					
																																					
																																					
																																					
																																					
																																					
																																					
																																					
																																					
																																					
																																					
																																					
																																					
																																					
																																					
																																					
																																					
																																					
																																					
																																					
																																					
																																					
																																					
																																					
																																					
																																					
																																					
																																					
																																					
																																					
																																					
																																					
																																					
																																					
																																					
																																					
																																					
																																					
																																					
																																					
																																					
																																					
																																					
																																					
																																					
																																					
																																					
																																					
																																					
																																					
																																					
																																					
																																					
																																					
																																					
																																					
																																					
																																					
																																					
																																					
																																					
																																					
																																					
																																					
																																					
																																					
																																					
																																					
																																					
																																					
																																					
																																					
																																					
																																					
																																					
																																					
																																					
																																					
																																					
																																					
																																					
																																					
																																					
																																					
																																					
																																					
																																					
																																					
																																					
																																					
																																					
																																					
																																					
																																					
																																					
																																					
																																					
																																					
																																					
																																					
																																					
																																					
																																					
																																					
																																					
																																					
																																					
																																					
																																					
																																					
																																					
																																					
																																					
																																					
																																					
																																					
																																					
																																					
																																					
																																					
																																					
																																					
																																					
																																					
																																					
																																					
																																					
749	ThiÕt th­Žng	2	0	6	97	0	0	0		2	2	1	4	2	2	41	4	2	2	59	1	0	0	0		0	0	0		1	1	0	4	10	180	0	1
750	§iÓm Cang th­Žng	2	0	6	98	0	0	0		2	2	1	4	2	2	41	4	2	2	59	2	0	0	0		0	0	0		1	1	0	4	10	180	0	1
751	Lôc LĻng th­Žng	2	0	6	99	0	0	0		2	2	2	4	2	2	42	4	2	2	27	1	2	2	59	3	0	0	0		1	2	0	4	10	180	0	1
752	CĐu LiŠm th­Žng	2	0	6	100	0	0	0		2	2	2	4	2	2	42	4	2	2	27	1	2	2	59	4	0	0	0		1	2	0	4	10	180	0	1
753	Truy Hån th­Žng	2	0	6	101	0	0	0		2	8	5	4	2	2	43	4	2	2	27	1	2	2	60	1	0	0	0		1	3	0	6	10	180	0	1
754	Tó Cčt th­Žng	2	0	6	102	0	0	0		2	2	4	4	2	2	44	4	2	2	57	1	2	2	60	2	0	0	0		1	4	0	6	10	180	0	1
755	XÝch NguyÖt th­Žng	2	0	6	103	0	0	0		2	2	4	4	2	2	44	4	2	2	57	1	2	2	60	3	0	0	0		1	4	0	8	10	180	0	1
756	NgĐn Xĩ th­Žng	2	0	6	104	0	0	0		2	2	5	5	2	2	45	5	2	2	57	1	2	2	60	5	0	0	0		1	5	0	8	10	180	0	1
757	Háa YŠn Th­Žng	2	0	6	105	0	0	0		2	2	6	5	2	2	9	5	2	2	57	1	2	2	61	2	0	0	0		1	5	0	8	10	180	0	1
758	Tr­îng Bļt Xĩ MĐu	2	0	6	106	0	0	0		2	2	36	5	2	2	10	5	2	2	58	1	2	2	61	3	0	0	0		1	6	0	8	10	180	0	1
759	Phļ ThiŠn kÝch	2	0	6	107	0	0	0		2	2	37	6	2	2	11	6	2	2	58	1	2	2	61	4	0	0	0		1	7	0	8	10	180	0	1
760	Tróc Méc cung	4	0	4	108	0	0	0		2	2	1	4	2	2	41	4	2	2	59	1	0	0	0		0	0	0		1	1	0	4	19	180	0	1
761	Thanh §ŧng cung	4	0	4	109	0	0	0		2	2	1	4	2	2	41	4	2	2	59	2	0	0	0		0	0	0		1	1	0	4	19	180	0	1
762	Tinh ThiÕt cung	4	0	4	110	0	0	0		2	2	2	4	2	2	42	4	2	2	27	1	2	2	59	3	0	0	0		1	2	0	4	19	180	0	1
763	Lđc Nhđn cung	4	0	4	111	0	0	0		2	2	2	4	2	2	42	4	2	2	27	1	2	2	59	4	0	0	0		1	2	0	4	19	180	0	1
764	XuyŠn TĐm cung	4	0	4	112	0	0	0		2	8	5	4	2	2	43	4	2	2	27	1	2	2	60	1	0	0	0		1	3	0	6	19	180	0	1
765	Trôc NguyÖt cung	4	0	4	113	0	0	0		2	2	4	4	2	2	44	4	2	2	57	1	2	2	60	2	0	0	0		1	4	0	6	19	180	0	1
766	DiÖt DiÖm cung	4	0	4	114	0	0	0		2	2	4	4	2	2	44	4	2	2	57	1	2	2	60	3	0	0	0		1	4	0	8	19	180	0	1
767	Tö Kim	4	0	4	115	0	0	0		2	2	5	5	2	2	45	5	2	2	57	1	2	2	60	5	0	0	0		1	5	0	8	19	180	0	1
768	ThĮn Lųc	4	0	4	116	0	0	0		2	2	6	5	2	2	9	5	2	2	57	1	2	2	61	2	0	0	0		1	5	0	8	19	180	0	1
769	Xi Nha	4	0	4	117	0	0	0		2	2	36	5	2	2	10	5	2	2	58	1	2	2	61	3	0	0	0		1	6	0	8	19	180	0	1
770	Long KhČu	4	0	4	118	0	0	0		2	2	37	6	2	2	11	6	2	2	58	1	2	2	61	4	0	0	0		1	7	0	8	19	180	0	1
771	Hūc ThiÕt trķo	4	0	11	1	0	0	0		2	2	1	4	2	2	41	4	2	2	59	1	0	0	0		0	0	0		1	1	0	4	20	180	0	1
772	Tinh Cang trķo	4	0	11	2	0	0	0		2	2	1	4	2	2	41	4	2	2	59	2	0	0	0		0	0	0		1	1	0	4	20	180	0	1
773	CŽ Quan trķo	4	0	11	3	0	0	0		2	2	2	4	2	2	42	4	2	2	27	1	2	2	59	3	0	0	0		1	2	0	4	20	180	0	1
774	Phi Hoĩnh trķo	4	0	11	4	0	0	0		2	2	2	4	2	2	42	4	2	2	27	1	2	2	59	4	0	0	0		1	2	0	4	20	180	0	1
775	ļm thÝch	4	0	11	5	0	0	0		2	8	5	4	2	2	43	4	2	2	27	1	2	2	60	1	0	0	0		1	3	0	6	20	180	0	1
776	RĻng sãi	4	0	11	6	0	0	0		2	2	4	4	2	2	44	4	2	2	57	1	2	2	60	2	0	0	0		1	4	0	6	20	180	0	1
777	Né DiÖm	4	0	11	7	0	0	0		2	2	4	4	2	2	44	4	2	2	57	1	2	2	60	3	0	0	0		1	4	0	8	20	180	0	1
778	Vđn KiÕp	4	0	11	8	0	0	0		2	2	5	5	2	2	45	5	2	2	57	1	2	2	60	5	0	0	0		1	5	0	8	20	180	0	1
779	D­Žng QuĐn	4	0	11	9	0	0	0		2	2	6	5	2	2	9	5	2	2	57	1	2	2	61	2	0	0	0		1	5	0	8	20	180	0	1
780	Ng­ng S­Žng	4	0	11	10	0	0	0		2	2	36	5	2	2	10	5	2	2	58	1	2	2	61	3	0	0	0		1	6	0	8	20	180	0	1
781	Ngō TŦn	4	0	11	11	0	0	0		2	2	37	6	2	2	11	6	2	2	58	1	2	2	61	4	0	0	0		1	7	0	8	20	180	0	1
782	LiÔu DiÖp Song §ao	3	0	7	1	0	0	0		2	2	1	4	2	2	41	4	2	2	59	1	0	0	0		0	0	0		1	1	0	4	21	180	0	1
783	NguyÖt Nha thÝch	3	0	7	2	0	0	0		2	2	1	4	2	2	41	4	2	2	59	2	0	0	0		0	0	0		1	1	0	4	21	180	0	1
784	§či Phi thÝch	3	0	7	3	0	0	0		2	2	2	4	2	2	42	4	2	2	27	1	2	2	59	3	0	0	0		1	2	0	4	21	180	0	1
785	Hång Ęn Ūao	3	0	7	4	0	0	0		2	2	2	4	2	2	42	4	2	2	27	1	2	2	59	4	0	0	0		1	2	0	4	21	180	0	1
786	BiŠn Bøc Ūao	3	0	7	5	0	0	0		2	8	5	4	2	2	43	4	2	2	27	1	2	2	60	1	0	0	0		1	3	0	6	21	180	0	1
787	Né Hång	3	0	7	6	0	0	0		2	2	4	4	2	2	44	4	2	2	57	1	2	2	60	2	0	0	0		1	4	0	6	21	180	0	1
788	Bļo Hoa	3	0	7	7	0	0	0		2	2	4	4	2	2	44	4	2	2	57	1	2	2	60	3	0	0	0		1	4	0	8	21	180	0	1
789	UyŠn ĶŽng LiŠn Hoĩn	3	0	7	8	0	0	0		2	2	5	5	2	2	45	5	2	2	57	1	2	2	60	5	0	0	0		1	5	0	8	21	180	0	1
790	HuyÕt LiŠn Hoĩn	3	0	7	9	0	0	0		2	2	6	5	2	2	9	5	2	2	57	1	2	2	61	2	0	0	0		1	5	0	8	21	180	0	1
791	TŦi NguyÖt	3	0	7	10	0	0	0		2	2	36	5	2	2	10	5	2	2	58	1	2	2	61	3	0	0	0		1	6	0	8	21	180	0	1
792	§ođn Tr­ęng	3	0	7	11	0	0	0		2	2	37	6	2	2	11	6	2	2	58	1	2	2	61	4	0	0	0		1	7	0	8	21	180	0	1
793	Vđn NhÉn ch­a giļm ŪÞnh	3	2	1	375	0	0	0		2	2	66	5	2	2	67	5	2	2	68	5	2	2	69	5	0	0	0		1	8	0	10	6	360	0	1
794	Háa Tinh ch­a giļm ŪÞnh	3	2	1	376	0	0	0		2	2	66	5	2	2	67	5	2	2	68	5	2	2	69	5	0	0	0		1	8	0	10	4	360	0	1
795	LiÖt DiÖm ch­a giļm ŪÞnh	2	2	1	377	0	0	0		2	2	66	5	2	2	67	5	2	2	68	5	2	2	69	5	0	0	0		1	8	0	10	11	360	0	1
796	M·n ThiŠn Hoa Vō ch­a giļm ŪÞnh	4	2	1	378	0	0	0		2	2	66	5	2	2	67	5	2	2	68	5	2	2	69	5	0	0	0		1	8	0	10	16	360	0	1
797	Cæ §Ýnh ch­a giļm ŪÞnh	3	2	1	379	0	0	0		2	2	66	5	2	2	67	5	2	2	68	5	2	2	69	5	0	0	0		1	8	0	10	5	360	0	1
798	Hi NhĐn CĮm ch­a giļm ŪÞnh	4	2	1	380	0	0	0		2	2	66	5	2	2	67	5	2	2	68	5	2	2	69	5	0	0	0		1	8	0	10	17	360	0	1
799	ThĮn Hĩnh ch­a giļm ŪÞnh	4	2	1	381	0	0	0		2	2	66	5	2	2	67	5	2	2	68	5	2	2	69	5	0	0	0		1	8	0	10	18	360	0	1
800	A La Hļn Tr­îng ch­a giļm ŪÞnh	2	2	1	382	0	0	0		2	2	66	5	2	2	67	5	2	2	68	5	2	2	69	5	0	0	0		1	8	0	10	12	360	0	1
801	§đi Hĩo LŦi Th­Žng ch­a giļm ŪÞnh	2	2	1	383	0	0	0		2	2	66	5	2	2	67	5	2	2	68	5	2	2	69	5	0	0	0		1	8	0	10	10	360	0	1
802	ThĮn Cung ch­a giļm ŪÞnh	4	2	1	384	0	0	0		2	2	66	5	2	2	67	5	2	2	68	5	2	2	69	5	0	0	0		1	8	0	10	19	360	0	1
803	M·nh Hæ ch­a giļm ŪÞnh	4	2	1	385	0	0	0		2	2	66	5	2	2	67	5	2	2	68	5	2	2	69	5	0	0	0		1	8	0	10	20	360	0	1
804	LĻng Phong ch­a giļm ŪÞnh	3	2	1	386	0	0	0		2	2	66	5	2	2	67	5	2	2	68	5	2	2	69	5	0	0	0		1	8	0	10	21	360	0	1
805	Hūc Ī tinh thđch	6	2	2	66	0	0	0		2	2	37	20	2	8	7	1	0	0	0	0	0	0	0	0	0	0	0		1	8	0	30	26	360	0	1
806	ThiÕt TuyÕn tinh méc	7	2	2	67	0	0	0		2	2	11	20	2	10	2	1	0	0	0	0	0	0	0	0	0	0	0		1	8	0	30	26	360	0	1
807	Da S­ tinh	5	2	2	68	0	0	0		2	2	47	20	2	9	7	1	0	0	0	0	0	0	0	0	0	0	0		1	8	0	30	26	360	0	1
808	XÝch Ī linh phï	8	2	2	69	0	0	0		2	5	7	5	2	2	14	1	0	0	0	0	0	0	0	0	0	0	0		1	8	0	30	26	360	0	1
809	Hĩnh Giķ phôc	5	0	100	201	0	0	0		2	2	53	20	2	2	46	20	2	2	64	25	0	0	0	0	0	0	0		0	4	0	0	22	180	1	1
810	Hĩnh Giķ phôc	5	0	100	202	0	0	0		2	2	53	20	2	2	46	20	2	2	64	25	0	0	0	0	0	0	0		0	4	0	2	23	180	1	1
811	Hįn NguyŠn phôc	5	0	100	211	0	0	0		2	2	54	40	2	2	20	40	2	2	467	3	0	0	0	0	0	0	0		0	5	0	0	22	180	1	1
812	Hįn NguyŠn phôc	5	0	100	212	0	0	0		2	2	54	40	2	2	20	40	2	2	467	3	0	0	0	0	0	0	0		0	5	0	2	23	180	1	1
813	ChiÕn ý khķi giļp	5	0	100	221	0	0	0		2	9	4	40	2	2	47	40	2	2	467	15	2	2	468	12	0	0	0		0	7	0	0	22	180	1	1
814	ChiÕn ý khķi giļp	5	0	100	222	0	0	0		2	9	4	40	2	2	47	40	2	2	467	15	2	2	468	12	0	0	0		0	7	0	2	23	180	1	1
815	Khæ Hĩnh bĩo	5	0	100	301	0	0	0		2	2	53	20	2	2	46	20	2	2	64	25	0	0	0	0	0	0	0		0	4	0	0	22	180	1	1
816	Khæ Hĩnh bĩo	5	0	100	302	0	0	0		2	2	53	20	2	2	46	20	2	2	64	25	0	0	0	0	0	0	0		0	4	0	2	23	180	1	1
817	ThiŌn Tu bĩo	5	0	100	311	0	0	0		2	2	54	40	2	2	20	40	2	2	467	3	0	0	0	0	0	0	0		0	5	0	0	22	180	1	1
818	ThiŌn Tu bĩo	5	0	100	312	0	0	0		2	2	54	40	2	2	20	40	2	2	467	3	0	0	0	0	0	0	0		0	5	0	2	23	180	1	1
819	ThiŌn TÞnh bĩo	5	0	100	321	0	0	0		2	9	4	40	2	2	47	40	2	2	467	15	2	2	468	12	0	0	0		0	7	0	0	22	180	1	1
820	ThiŌn TÞnh bĩo	5	0	100	322	0	0	0		2	9	4	40	2	2	47	40	2	2	467	15	2	2	468	12	0	0	0		0	7	0	2	23	180	1	1
821	Sa Di Phôc	5	0	100	401	0	0	0		2	2	53	20	2	2	46	20	2	2	64	25	0	0	0	0	0	0	0		0	4	0	0	22	180	1	1
822	Sa Di Phôc	5	0	100	402	0	0	0		2	2	53	20	2	2	46	20	2	2	64	25	0	0	0	0	0	0	0		0	4	0	2	23	180	1	1
823	§Ęu TĻng phôc	5	0	100	411	0	0	0		2	2	54	40	2	2	20	40	2	2	467	3	0	0	0	0	0	0	0		0	5	0	0	22	180	1	1
824	§Ęu TĻng phôc	5	0	100	412	0	0	0		2	2	54	40	2	2	20	40	2	2	467	3	0	0	0	0	0	0	0		0	5	0	2	23	180	1	1
825	§Ču KhÝ ChiÕn y	5	0	100	421	0	0	0		2	9	4	40	2	2	47	40	2	2	467	15	2	2	468	12	0	0	0		0	7	0	0	22	180	1	1
826	§Ču KhÝ ChiÕn y	5	0	100	422	0	0	0		2	9	4	40	2	2	47	40	2	2	467	15	2	2	468	12	0	0	0		0	7	0	2	23	180	1	1
827	Trang khļch phôc	5	0	100	601	0	0	0		2	2	53	20	2	2	46	20	2	2	64	25	0	0	0	0	0	0	0		0	4	0	0	22	180	1	1
828	Trang khļch phôc	5	0	100	602	0	0	0		2	2	53	20	2	2	46	20	2	2	64	25	0	0	0	0	0	0	0		0	4	0	2	23	180	1	1
829	Trang khļch phôc	5	0	100	603	0	0	0		2	2	53	20	2	2	46	20	2	2	64	25	0	0	0	0	0	0	0		0	4	0	2	24	180	1	1
830	Trang khļch phôc	5	0	100	604	0	0	0		2	2	53	20	2	2	46	20	2	2	64	25	0	0	0	0	0	0	0		0	4	0	2	25	180	1	1
831	Hé VÖ phôc	5	0	100	611	0	0	0		2	2	54	40	2	2	20	40	2	2	467	3	0	0	0	0	0	0	0		0	4	0	0	22	180	1	1
832	Hé VÖ phôc	5	0	100	612	0	0	0		2	2	54	40	2	2	20	40	2	2	467	3	0	0	0	0	0	0	0		0	4	0	2	23	180	1	1
833	Hé VÖ phôc	5	0	100	613	0	0	0		2	2	54	40	2	2	20	40	2	2	467	3	0	0	0	0	0	0	0		0	4	0	2	24	180	1	1
834	Hé VÖ phôc	5	0	100	614	0	0	0		2	2	54	40	2	2	20	40	2	2	467	3	0	0	0	0	0	0	0		0	4	0	2	25	180	1	1
835	BÝ §éc y	5	0	100	621	0	0	0		2	9	4	40	2	2	47	40	2	2	467	15	2	2	468	12	0	0	0		0	4	0	0	22	180	1	1
836	BÝ §éc y	5	0	100	622	0	0	0		2	9	4	40	2	2	47	40	2	2	467	15	2	2	468	12	0	0	0		0	4	0	2	23	180	1	1
837	BÝ §éc y	5	0	100	623	0	0	0		2	9	4	40	2	2	47	40	2	2	467	15	2	2	468	12	0	0	0		0	4	0	2	24	180	1	1
838	BÝ §éc y	5	0	100	624	0	0	0		2	9	4	40	2	2	47	40	2	2	467	15	2	2	468	12	0	0	0		0	4	0	2	25	180	1	1
839	Thanh TĐm tč y	5	0	100	801	0	0	0		2	2	53	20	2	2	46	20	2	2	64	25	0	0	0	0	0	0	0		0	4	0	2	24	180	1	1
840	Thanh TĐm tč y	5	0	100	802	0	0	0		2	2	53	20	2	2	46	20	2	2	64	25	0	0	0	0	0	0	0		0	4	0	2	25	180	1	1
841	Thļi Vō tč y	5	0	100	811	0	0	0		2	2	54	40	2	2	20	40	2	2	467	3	0	0	0	0	0	0	0		0	5	0	2	24	180	1	1
842	Thļi Vō tč y	5	0	100	812	0	0	0		2	2	54	40	2	2	20	40	2	2	467	3	0	0	0	0	0	0	0		0	5	0	2	25	180	1	1
843	Phļp VĐn y	5	0	100	821	0	0	0		2	9	4	40	2	2	47	40	2	2	467	15	2	2	468	12	0	0	0		0	7	0	2	24	180	1	1
844	Phļp VĐn y	5	0	100	822	0	0	0		2	9	4	40	2	2	47	40	2	2	467	15	2	2	468	12	0	0	0		0	7	0	2	25	180	1	1
845	T­ Khóc tč y	5	0	100	901	0	0	0		2	2	53	20	2	2	46	20	2	2	64	25	0	0	0	0	0	0	0		0	4	0	2	24	180	1	1
846	T­ Khóc tč y	5	0	100	902	0	0	0		2	2	53	20	2	2	46	20	2	2	64	25	0	0	0	0	0	0	0		0	4	0	2	25	180	1	1
847	Phđn Ēm tč y	5	0	100	911	0	0	0		2	2	54	40	2	2	20	40	2	2	467	3	0	0	0	0	0	0	0		0	5	0	2	24	180	1	1
848	Phđn Ēm tč y	5	0	100	912	0	0	0		2	2	54	40	2	2	20	40	2	2	467	3	0	0	0	0	0	0	0		0	5	0	2	25	180	1	1
849	Phļp Ēm y	5	0	100	921	0	0	0		2	9	4	40	2	2	47	40	2	2	467	15	2	2	468	12	0	0	0		0	7	0	2	24	180	1	1
850	Phļp Ēm y	5	0	100	922	0	0	0		2	9	4	40	2	2	47	40	2	2	467	15	2	2	468	12	0	0	0		0	7	0	2	25	180	1	1
851	ChĘp Bļt Th­ęng	5	0	100	1101	0	0	0		2	2	53	20	2	2	46	20	2	2	64	25	0	0	0	0	0	0	0		0	4	0	0	22	180	1	1
852	ChĘp Bļt Th­ęng	5	0	100	1102	0	0	0		2	2	53	20	2	2	46	20	2	2	64	25	0	0	0	0	0	0	0		0	4	0	2	23	180	1	1
853	ChĘp Bļt Th­ęng	5	0	100	1103	0	0	0		2	2	53	20	2	2	46	20	2	2	64	25	0	0	0	0	0	0	0		0	4	0	2	24	180	1	1
854	ChĘp Bļt Th­ęng	5	0	100	1104	0	0	0		2	2	53	20	2	2	46	20	2	2	64	25	0	0	0	0	0	0	0		0	4	0	2	25	180	1	1
855	Trõ Gian Th­ęng	5	0	100	1111	0	0	0		2	2	54	40	2	2	20	40	2	2	467	3	0	0	0	0	0	0	0		0	4	0	0	22	180	1	1
856	Trõ Gian Th­ęng	5	0	100	1112	0	0	0		2	2	54	40	2	2	20	40	2	2	467	3	0	0	0	0	0	0	0		0	4	0	2	23	180	1	1
857	Trõ Gian Th­ęng	5	0	100	1113	0	0	0		2	2	54	40	2	2	20	40	2	2	467	3	0	0	0	0	0	0	0		0	4	0	2	24	180	1	1
858	Trõ Gian Th­ęng	5	0	100	1114	0	0	0		2	2	54	40	2	2	20	40	2	2	467	3	0	0	0	0	0	0	0		0	4	0	2	25	180	1	1
859	Tø Hķi y	5	0	100	1121	0	0	0		2	9	4	40	2	2	47	40	2	2	467	15	2	2	468	12	0	0	0		0	4	0	0	22	180	1	1
860	Tø Hķi y	5	0	100	1122	0	0	0		2	9	4	40	2	2	47	40	2	2	467	15	2	2	468	12	0	0	0		0	4	0	2	23	180	1	1
861	Tø Hķi y	5	0	100	1123	0	0	0		2	9	4	40	2	2	47	40	2	2	467	15	2	2	468	12	0	0	0		0	4	0	2	24	180	1	1
862	Tø Hķi y	5	0	100	1124	0	0	0		2	9	4	40	2	2	47	40	2	2	467	15	2	2	468	12	0	0	0		0	4	0	2	25	180	1	1
863	KhiÕu Hoa y	5	0	100	1201	0	0	0		2	2	53	20	2	2	46	20	2	2	64	25	0	0	0	0	0	0	0		0	4	0	0	22	180	1	1
864	KhiÕu Hoa y	5	0	100	1202	0	0	0		2	2	53	20	2	2	46	20	2	2	64	25	0	0	0	0	0	0	0		0	4	0	2	23	180	1	1
865	KhiÕu Hoa y	5	0	100	1203	0	0	0		2	2	53	20	2	2	46	20	2	2	64	25	0	0	0	0	0	0	0		0	4	0	2	24	180	1	1
866	KhiÕu Hoa y	5	0	100	1204	0	0	0		2	2	53	20	2	2	46	20	2	2	64	25	0	0	0	0	0	0	0		0	4	0	2	25	180	1	1
867	Trõng ļc Th­ęng	5	0	100	1211	0	0	0		2	2	54	40	2	2	20	40	2	2	467	3	0	0	0	0	0	0	0		0	4	0	0	22	180	1	1
868	Trõng ļc Th­ęng	5	0	100	1212	0	0	0		2	2	54	40	2	2	20	40	2	2	467	3	0	0	0	0	0	0	0		0	4	0	2	23	180	1	1
869	Trõng ļc Th­ęng	5	0	100	1213	0	0	0		2	2	54	40	2	2	20	40	2	2	467	3	0	0	0	0	0	0	0		0	4	0	2	24	180	1	1
870	Trõng ļc Th­ęng	5	0	100	1214	0	0	0		2	2	54	40	2	2	20	40	2	2	467	3	0	0	0	0	0	0	0		0	4	0	2	25	180	1	1
871	Tô NghÜa Th­ęng	5	0	100	1221	0	0	0		2	9	4	40	2	2	47	40	2	2	467	15	2	2	468	12	0	0	0		0	4	0	0	22	180	1	1
872	Tô NghÜa Th­ęng	5	0	100	1222	0	0	0		2	9	4	40	2	2	47	40	2	2	467	15	2	2	468	12	0	0	0		0	4	0	2	23	180	1	1
873	Tô NghÜa Th­ęng	5	0	100	1223	0	0	0		2	9	4	40	2	2	47	40	2	2	467	15	2	2	468	12	0	0	0		0	4	0	2	24	180	1	1
874	Tô NghÜa Th­ęng	5	0	100	1224	0	0	0		2	9	4	40	2	2	47	40	2	2	467	15	2	2	468	12	0	0	0		0	4	0	2	25	180	1	1
875	Thanh Tu bĩo	5	0	100	1401	0	0	0		2	2	53	20	2	2	46	20	2	2	64	25	0	0	0	0	0	0	0		0	4	0	0	22	180	1	1
876	Thanh Tu bĩo	5	0	100	1402	0	0	0		2	2	53	20	2	2	46	20	2	2	64	25	0	0	0	0	0	0	0		0	4	0	2	23	180	1	1
877	Thanh Tu bĩo	5	0	100	1403	0	0	0		2	2	53	20	2	2	46	20	2	2	64	25	0	0	0	0	0	0	0		0	4	0	2	24	180	1	1
878	Thanh Tu bĩo	5	0	100	1404	0	0	0		2	2	53	20	2	2	46	20	2	2	64	25	0	0	0	0	0	0	0		0	4	0	2	25	180	1	1
879	NhËp Quļn phļp bĩo	5	0	100	1411	0	0	0		2	2	54	40	2	2	20	40	2	2	467	3	0	0	0	0	0	0	0		0	4	0	0	22	180	1	1
880	NhËp Quļn phļp bĩo	5	0	100	1412	0	0	0		2	2	54	40	2	2	20	40	2	2	467	3	0	0	0	0	0	0	0		0	4	0	2	23	180	1	1
881	NhËp Quļn phļp bĩo	5	0	100	1413	0	0	0		2	2	54	40	2	2	20	40	2	2	467	3	0	0	0	0	0	0	0		0	4	0	2	24	180	1	1
882	NhËp Quļn phļp bĩo	5	0	100	1414	0	0	0		2	2	54	40	2	2	20	40	2	2	467	3	0	0	0	0	0	0	0		0	4	0	2	25	180	1	1
883	Tø T­îng phļp bĩo	5	0	100	1421	0	0	0		2	9	4	40	2	2	47	40	2	2	467	15	2	2	468	12	0	0	0		0	4	0	0	22	180	1	1
884	Tø T­îng phļp bĩo	5	0	100	1422	0	0	0		2	9	4	40	2	2	47	40	2	2	467	15	2	2	468	12	0	0	0		0	4	0	2	23	180	1	1
885	Tø T­îng phļp bĩo	5	0	100	1423	0	0	0		2	9	4	40	2	2	47	40	2	2	467	15	2	2	468	12	0	0	0		0	4	0	2	24	180	1	1
886	Tø T­îng phļp bĩo	5	0	100	1424	0	0	0		2	9	4	40	2	2	47	40	2	2	467	15	2	2	468	12	0	0	0		0	4	0	2	25	180	1	1
887	Thanh Phong bĩo	5	0	100	1501	0	0	0		2	2	53	20	2	2	46	20	2	2	64	25	0	0	0	0	0	0	0		0	4	0	0	22	180	1	1
888	Thanh Phong bĩo	5	0	100	1502	0	0	0		2	2	53	20	2	2	46	20	2	2	64	25	0	0	0	0	0	0	0		0	4	0	2	23	180	1	1
889	Thanh Phong bĩo	5	0	100	1503	0	0	0		2	2	53	20	2	2	46	20	2	2	64	25	0	0	0	0	0	0	0		0	4	0	2	24	180	1	1
890	Thanh Phong bĩo	5	0	100	1504	0	0	0		2	2	53	20	2	2	46	20	2	2	64	25	0	0	0	0	0	0	0		0	4	0	2	25	180	1	1
891	ThiÓu D­Žng Th­ęng	5	0	100	1511	0	0	0		2	2	54	40	2	2	20	40	2	2	467	3	0	0	0	0	0	0	0		0	4	0	0	22	180	1	1
892	ThiÓu D­Žng Th­ęng	5	0	100	1512	0	0	0		2	2	54	40	2	2	20	40	2	2	467	3	0	0	0	0	0	0	0		0	4	0	2	23	180	1	1
893	ThiÓu D­Žng Th­ęng	5	0	100	1513	0	0	0		2	2	54	40	2	2	20	40	2	2	467	3	0	0	0	0	0	0	0		0	4	0	2	24	180	1	1
894	ThiÓu D­Žng Th­ęng	5	0	100	1514	0	0	0		2	2	54	40	2	2	20	40	2	2	467	3	0	0	0	0	0	0	0		0	4	0	2	25	180	1	1
895	Linh Phong phôc	5	0	100	1521	0	0	0		2	9	4	40	2	2	47	40	2	2	467	15	2	2	468	12	0	0	0		0	4	0	0	22	180	1	1
896	Linh Phong phôc	5	0	100	1522	0	0	0		2	9	4	40	2	2	47	40	2	2	467	15	2	2	468	12	0	0	0		0	4	0	2	23	180	1	1
897	Linh Phong phôc	5	0	100	1523	0	0	0		2	9	4	40	2	2	47	40	2	2	467	15	2	2	468	12	0	0	0		0	4	0	2	24	180	1	1
898	Linh Phong phôc	5	0	100	1524	0	0	0		2	9	4	40	2	2	47	40	2	2	467	15	2	2	468	12	0	0	0		0	4	0	2	25	180	1	1
899	Khinh Kþ giļp	5	0	100	1701	0	0	0		2	2	53	20	2	2	46	20	2	2	64	25	0	0	0	0	0	0	0		0	4	0	0	22	180	1	1
900	Khinh Kþ giļp	5	0	100	1702	0	0	0		2	2	53	20	2	2	46	20	2	2	64	25	0	0	0	0	0	0	0		0	4	0	2	23	180	1	1
901	Khinh Kþ giļp	5	0	100	1703	0	0	0		2	2	53	20	2	2	46	20	2	2	64	25	0	0	0	0	0	0	0		0	4	0	2	24	180	1	1
902	Khinh Kþ giļp	5	0	100	1704	0	0	0		2	2	53	20	2	2	46	20	2	2	64	25	0	0	0	0	0	0	0		0	4	0	2	25	180	1	1
903	HiÖu óy thiÕt giļp	5	0	100	1711	0	0	0		2	2	54	40	2	2	20	40	2	2	467	3	0	0	0	0	0	0	0		0	4	0	0	22	180	1	1
904	HiÖu óy thiÕt giļp	5	0	100	1712	0	0	0		2	2	54	40	2	2	20	40	2	2	467	3	0	0	0	0	0	0	0		0	4	0	2	23	180	1	1
905	HiÖu óy thiÕt giļp	5	0	100	1713	0	0	0		2	2	54	40	2	2	20	40	2	2	467	3	0	0	0	0	0	0	0		0	4	0	2	24	180	1	1
906	HiÖu óy thiÕt giļp	5	0	100	1714	0	0	0		2	2	54	40	2	2	20	40	2	2	467	3	0	0	0	0	0	0	0		0	4	0	2	25	180	1	1
907	Tinh Khķi giļp	5	0	100	1721	0	0	0		2	9	4	40	2	2	47	40	2	2	467	15	2	2	468	12	0	0	0		0	4	0	0	22	180	1	1
908	Tinh Khķi giļp	5	0	100	1722	0	0	0		2	9	4	40	2	2	47	40	2	2	467	15	2	2	468	12	0	0	0		0	4	0	2	23	180	1	1
909	Tinh Khķi giļp	5	0	100	1723	0	0	0		2	9	4	40	2	2	47	40	2	2	467	15	2	2	468	12	0	0	0		0	4	0	2	24	180	1	1
910	Tinh Khķi giļp	5	0	100	1724	0	0	0		2	9	4	40	2	2	47	40	2	2	467	15	2	2	468	12	0	0	0		0	4	0	2	25	180	1	1
911	Nâ thņ giļp	5	0	100	1801	0	0	0		2	2	53	20	2	2	46	20	2	2	64	25	0	0	0	0	0	0	0		0	4	0	0	22	180	1	1
912	Nâ thņ giļp	5	0	100	1802	0	0	0		2	2	53	20	2	2	46	20	2	2	64	25	0	0	0	0	0	0	0		0	4	0	2	23	180	1	1
913	Nâ thņ giļp	5	0	100	1803	0	0	0		2	2	53	20	2	2	46	20	2	2	64	25	0	0	0	0	0	0	0		0	4	0	2	24	180	1	1
914	Nâ thņ giļp	5	0	100	1804	0	0	0		2	2	53	20	2	2	46	20	2	2	64	25	0	0	0	0	0	0	0		0	4	0	2	25	180	1	1
915	§Ŧ óy thiÕt giļp	5	0	100	1811	0	0	0		2	2	54	40	2	2	20	40	2	2	467	3	0	0	0	0	0	0	0		0	4	0	0	22	180	1	1
916	§Ŧ óy thiÕt giļp	5	0	100	1812	0	0	0		2	2	54	40	2	2	20	40	2	2	467	3	0	0	0	0	0	0	0		0	4	0	2	23	180	1	1
917	§Ŧ óy thiÕt giļp	5	0	100	1813	0	0	0		2	2	54	40	2	2	20	40	2	2	467	3	0	0	0	0	0	0	0		0	4	0	2	24	180	1	1
918	§Ŧ óy thiÕt giļp	5	0	100	1814	0	0	0		2	2	54	40	2	2	20	40	2	2	467	3	0	0	0	0	0	0	0		0	4	0	2	25	180	1	1
919	PhĘn Uy T­íng QuĐn khķi giļp	5	0	100	1821	0	0	0		2	9	4	40	2	2	47	40	2	2	467	15	2	2	468	12	0	0	0		0	4	0	0	22	180	1	1
920	PhĘn Uy T­íng QuĐn khķi giļp	5	0	100	1822	0	0	0		2	9	4	40	2	2	47	40	2	2	467	15	2	2	468	12	0	0	0		0	4	0	2	23	180	1	1
921	PhĘn Uy T­íng QuĐn khķi giļp	5	0	100	1823	0	0	0		2	9	4	40	2	2	47	40	2	2	467	15	2	2	468	12	0	0	0		0	4	0	2	24	180	1	1
922	PhĘn Uy T­íng QuĐn khķi giļp	5	0	100	1824	0	0	0		2	9	4	40	2	2	47	40	2	2	467	15	2	2	468	12	0	0	0		0	4	0	2	25	180	1	1
923	§ođt Phļch y	5	0	100	2001	0	0	0		2	2	53	20	2	2	46	20	2	2	64	25	0	0	0	0	0	0	0		0	4	0	0	22	180	1	1
924	§ođt Phļch y	5	0	100	2002	0	0	0		2	2	53	20	2	2	46	20	2	2	64	25	0	0	0	0	0	0	0		0	4	0	2	23	180	1	1
925	§ođt Phļch y	5	0	100	2003	0	0	0		2	2	53	20	2	2	46	20	2	2	64	25	0	0	0	0	0	0	0		0	4	0	2	24	180	1	1
926	§ođt Phļch y	5	0	100	2004	0	0	0		2	2	53	20	2	2	46	20	2	2	64	25	0	0	0	0	0	0	0		0	4	0	2	25	180	1	1
927	ThŦi MÖnh y	5	0	100	2011	0	0	0		2	2	54	40	2	2	20	40	2	2	467	3	0	0	0	0	0	0	0		0	4	0	0	22	180	1	1
928	ThŦi MÖnh y	5	0	100	2012	0	0	0		2	2	54	40	2	2	20	40	2	2	467	3	0	0	0	0	0	0	0		0	4	0	2	23	180	1	1
929	ThŦi MÖnh y	5	0	100	2013	0	0	0		2	2	54	40	2	2	20	40	2	2	467	3	0	0	0	0	0	0	0		0	4	0	2	24	180	1	1
930	ThŦi MÖnh y	5	0	100	2014	0	0	0		2	2	54	40	2	2	20	40	2	2	467	3	0	0	0	0	0	0	0		0	4	0	2	25	180	1	1
931	Hūc VŦ Th­ęng M·nh §éc y	5	0	100	2021	0	0	0		2	9	4	40	2	2	47	40	2	2	467	15	2	2	468	12	0	0	0		0	4	0	0	22	180	1	1
932	Hūc VŦ Th­ęng M·nh §éc y	5	0	100	2022	0	0	0		2	9	4	40	2	2	47	40	2	2	467	15	2	2	468	12	0	0	0		0	4	0	2	23	180	1	1
933	Hūc VŦ Th­ęng M·nh §éc y	5	0	100	2023	0	0	0		2	9	4	40	2	2	47	40	2	2	467	15	2	2	468	12	0	0	0		0	4	0	2	24	180	1	1
934	Hūc VŦ Th­ęng M·nh §éc y	5	0	100	2024	0	0	0		2	9	4	40	2	2	47	40	2	2	467	15	2	2	468	12	0	0	0		0	4	0	2	25	180	1	1
935	§éc Tĩm Y	5	0	100	2101	0	0	0		2	2	53	20	2	2	46	20	2	2	64	25	0	0	0	0	0	0	0		0	4	0	0	22	180	1	1
936	§éc Tĩm Y	5	0	100	2102	0	0	0		2	2	53	20	2	2	46	20	2	2	64	25	0	0	0	0	0	0	0		0	4	0	2	23	180	1	1
937	§éc Tĩm Y	5	0	100	2103	0	0	0		2	2	53	20	2	2	46	20	2	2	64	25	0	0	0	0	0	0	0		0	4	0	2	24	180	1	1
938	§éc Tĩm Y	5	0	100	2104	0	0	0		2	2	53	20	2	2	46	20	2	2	64	25	0	0	0	0	0	0	0		0	4	0	2	25	180	1	1
939	Thųc TĐm Y	5	0	100	2111	0	0	0		2	2	54	40	2	2	20	40	2	2	467	3	0	0	0	0	0	0	0		0	4	0	0	22	180	1	1
940	Thųc TĐm Y	5	0	100	2112	0	0	0		2	2	54	40	2	2	20	40	2	2	467	3	0	0	0	0	0	0	0		0	4	0	2	23	180	1	1
941	Thųc TĐm Y	5	0	100	2113	0	0	0		2	2	54	40	2	2	20	40	2	2	467	3	0	0	0	0	0	0	0		0	4	0	2	24	180	1	1
942	Thųc TĐm Y	5	0	100	2114	0	0	0		2	2	54	40	2	2	20	40	2	2	467	3	0	0	0	0	0	0	0		0	4	0	2	25	180	1	1
943	Bđch VŦ Th­ęng Ngôy §éc Y	5	0	100	2121	0	0	0		2	9	4	40	2	2	47	40	2	2	467	15	2	2	468	12	0	0	0		0	4	0	0	22	180	1	1
944	Bđch VŦ Th­ęng Ngôy §éc Y	5	0	100	2122	0	0	0		2	9	4	40	2	2	47	40	2	2	467	15	2	2	468	12	0	0	0		0	4	0	2	23	180	1	1
945	Bđch VŦ Th­ęng Ngôy §éc Y	5	0	100	2123	0	0	0		2	9	4	40	2	2	47	40	2	2	467	15	2	2	468	12	0	0	0		0	4	0	2	24	180	1	1
946	Bđch VŦ Th­ęng Ngôy §éc Y	5	0	100	2124	0	0	0		2	9	4	40	2	2	47	40	2	2	467	15	2	2	468	12	0	0	0		0	4	0	2	25	180	1	1
947	Vâ §ang Håi phï	8	1	5	8	0	0	0		2	2	65	1	2	1	908	1	0	0	0		0	0	0		0	0	0		0	1	0	2	42	54	0	1
948	Cļi Bang Håi phï	8	1	5	9	0	0	0		2	2	65	1	2	1	909	1	0	0	0		0	0	0		0	0	0		0	1	0	2	42	54	0	1
949	ThiÕu LĐm Håi phï	8	1	5	10	0	0	0		2	2	65	1	2	1	910	1	0	0	0		0	0	0		0	0	0		0	1	0	2	42	54	0	1
950	Nga My Håi phï	8	1	5	11	0	0	0		2	2	65	1	2	1	911	1	0	0	0		0	0	0		0	0	0		0	1	0	2	42	54	0	1
951	Tô linh phï chØ	8	2	1	912	0	0	0		2	2	65	25	0	0	0		0	0	0		0	0	0		0	0	0		0	1	0	1	42	54	0	1
952	§­ęng MŦn Håi phï	8	1	5	12	0	0	0		2	2	65	1	2	1	913	1	0	0	0		0	0	0		0	0	0		0	1	0	2	42	54	0	1
953	Ngō §éc Håi phï	8	1	5	13	0	0	0		2	2	65	1	2	1	914	1	0	0	0		0	0	0		0	0	0		0	1	0	2	42	54	0	1
954	D­Žng MŦn Håi phï	8	1	5	14	0	0	0		2	2	65	1	2	1	915	1	0	0	0		0	0	0		0	0	0		0	1	0	2	42	54	0	1
955	Kim Cang Phôc Ma ChiÕn ý §ao (tiŠu chuČn)	3	0	3	221	0	0	0		2	2	11	40	2	2	37	40	2	2	61	100	2	1	1086	10	0	0	0		0	8	0	10	5	360	1	1
956	Kim Cang Phôc Ma ChiÕn ý §ao (khŦi ngŦ)	3	0	3	222	0	0	0		2	2	11	40	2	2	37	40	2	2	61	100	2	1	1086	10	0	0	0		0	8	0	10	5	360	1	1
957	Kim Cang Phôc Ma ChiÕn ý CŦn (tiŠu chuČn)	2	0	5	221	0	0	0		2	2	11	40	2	2	37	40	2	2	61	100	2	1	1086	10	0	0	0		0	8	0	10	11	360	1	1
958	Kim Cang Phôc Ma ChiÕn ý CŦn (khŦi ngŦ)	2	0	5	222	0	0	0		2	2	11	40	2	2	37	40	2	2	61	100	2	1	1086	10	0	0	0		0	8	0	10	11	360	1	1
959	TruyŌn Kinh Phļp S­ ThiŌn TÞnh Tr­îng (tiŠu chuČn)	2	0	8	321	0	0	0		2	2	11	40	2	2	37	40	2	2	61	100	2	1	1086	10	0	0	0		0	8	0	10	12	360	1	1
960	TruyŌn Kinh Phļp S­ ThiŌn TÞnh Tr­îng (khŦi ngŦ)	2	0	8	322	0	0	0		2	2	11	40	2	2	37	40	2	2	61	100	2	1	1086	10	0	0	0		0	8	0	10	12	360	1	1
961	Hé Phļp La Hļn §Ču KhÝ Thņ (tiŠu chuČn)	3	0	0	421	0	0	0		2	2	11	40	2	2	37	40	2	2	61	100	2	1	1086	10	0	0	0		0	8	0	10	6	360	1	1
962	Hé Phļp La Hļn §Ču KhÝ Thņ (khŦi ngŦ)	3	0	0	422	0	0	0		2	2	11	40	2	2	37	40	2	2	61	100	2	1	1086	10	0	0	0		0	8	0	10	6	360	1	1
963	BÝ §éc ChĐm (tiŠu chuČn)	4	0	1	621	0	0	0		2	2	11	40	2	2	37	40	2	2	61	100	2	1	1086	10	0	0	0		0	8	0	10	16	360	1	1
964	BÝ §éc ChĐm (khŦi ngŦ)	4	0	1	622	0	0	0		2	2	11	40	2	2	37	40	2	2	61	100	2	1	1086	10	0	0	0		0	8	0	10	16	360	1	1
965	BÝ §éc ChĐm (gîi cķm)	4	0	1	623	0	0	0		2	2	11	40	2	2	37	40	2	2	61	100	2	1	1086	10	0	0	0		0	8	0	10	16	360	1	1
966	BÝ §éc ChĐm (KiŌu nũ)	4	0	1	624	0	0	0		2	2	11	40	2	2	37	40	2	2	61	100	2	1	1086	10	0	0	0		0	8	0	10	16	360	1	1
967	Tö Tróc Sø Phļp VĐn KiÕm (gîi cķm)	3	0	2	821	0	0	0		2	2	11	40	2	2	37	40	2	2	61	100	2	1	1086	10	0	0	0		0	8	0	10	4	360	1	1
968	Tö Tróc Sø Phļp VĐn KiÕm (KiŌu nũ)	3	0	2	822	0	0	0		2	2	11	40	2	2	37	40	2	2	61	100	2	1	1086	10	0	0	0		0	8	0	10	4	360	1	1
969	Hķi NguyÖt Sø Phļp Ēm CĮm (gîi cķm)	4	0	10	921	0	0	0		2	2	11	40	2	2	37	40	2	2	61	100	2	1	1086	10	0	0	0		0	8	0	10	17	360	1	1
970	Hķi NguyÖt Sø Phļp Ēm CĮm (KiŌu nũ)	4	0	10	922	0	0	0		2	2	11	40	2	2	37	40	2	2	61	100	2	1	1086	10	0	0	0		0	8	0	10	17	360	1	1
971	Tø Hķi HiÖp Hĩo KhÝ Thņ (tiŠu chuČn)	3	0	0	1121	0	0	0		2	2	11	40	2	2	37	40	2	2	61	100	2	1	1086	10	0	0	0		0	8	0	10	6	360	1	1
972	Tø Hķi HiÖp Hĩo KhÝ Thņ (khŦi ngŦ)	3	0	0	1122	0	0	0		2	2	11	40	2	2	37	40	2	2	61	100	2	1	1086	10	0	0	0		0	8	0	10	6	360	1	1
973	Tø Hķi HiÖp Hĩo KhÝ Thņ (gîi cķm)	3	0	0	1123	0	0	0		2	2	11	40	2	2	37	40	2	2	61	100	2	1	1086	10	0	0	0		0	8	0	10	6	360	1	1
974	Tø Hķi HiÖp Hĩo KhÝ Thņ (KiŌu nũ)	3	0	0	1124	0	0	0		2	2	11	40	2	2	37	40	2	2	61	100	2	1	1086	10	0	0	0		0	8	0	10	6	360	1	1
975	Bļt §đi §Ö Tö Tô NghÜa Bæng (tiŠu chuČn)	2	0	5	1221	0	0	0		2	2	11	40	2	2	37	40	2	2	61	100	2	1	1086	10	0	0	0		0	8	0	10	11	360	1	1
976	Bļt §đi §Ö Tö Tô NghÜa Bæng (khŦi ngŦ)	2	0	5	1222	0	0	0		2	2	11	40	2	2	37	40	2	2	61	100	2	1	1086	10	0	0	0		0	8	0	10	11	360	1	1
977	Bļt §đi §Ö Tö Tô NghÜa Bæng (gîi cķm)	2	0	5	1223	0	0	0		2	2	11	40	2	2	37	40	2	2	61	100	2	1	1086	10	0	0	0		0	8	0	10	11	360	1	1
978	Bļt §đi §Ö Tö Tô NghÜa Bæng (KiŌu nũ)	2	0	5	1224	0	0	0		2	2	11	40	2	2	37	40	2	2	61	100	2	1	1086	10	0	0	0		0	8	0	10	11	360	1	1
979	VŦ Ng· §đo NhĐn Tø T­îng KiÕm Phļp (tiŠu chuČn)	3	0	2	1421	0	0	0		2	2	11	40	2	2	37	40	2	2	61	100	2	1	1086	10	0	0	0		0	8	0	10	4	360	1	1
980	VŦ Ng· §đo NhĐn Tø T­îng KiÕm Phļp (khŦi ngŦ)	3	0	2	1422	0	0	0		2	2	11	40	2	2	37	40	2	2	61	100	2	1	1086	10	0	0	0		0	8	0	10	4	360	1	1
981	VŦ Ng· §đo NhĐn Tø T­îng KiÕm Phļp (gîi cķm)	3	0	2	1423	0	0	0		2	2	11	40	2	2	37	40	2	2	61	100	2	1	1086	10	0	0	0		0	8	0	10	4	360	1	1
982	VŦ Ng· §đo NhĐn Tø T­îng KiÕm Phļp (KiŌu nũ)	3	0	2	1424	0	0	0		2	2	11	40	2	2	37	40	2	2	61	100	2	1	1086	10	0	0	0		0	8	0	10	4	360	1	1
983	Nhĩn VĐn HiÖp §đo Linh Phong ThÝch (tiŠu chuČn)	4	0	9	1521	0	0	0		2	2	11	40	2	2	37	40	2	2	61	100	2	1	1086	10	0	0	0		0	8	0	10	18	360	1	1
984	Nhĩn VĐn HiÖp §đo Linh Phong ThÝch (khŦi ngŦ)	4	0	9	1522	0	0	0		2	2	11	40	2	2	37	40	2	2	61	100	2	1	1086	10	0	0	0		0	8	0	10	18	360	1	1
985	Nhĩn VĐn HiÖp §đo Linh Phong ThÝch (gîi cķm)	4	0	9	1523	0	0	0		2	2	11	40	2	2	37	40	2	2	61	100	2	1	1086	10	0	0	0		0	8	0	10	18	360	1	1
986	Nhĩn VĐn HiÖp §đo Linh Phong ThÝch (KiŌu nũ)	4	0	9	1524	0	0	0		2	2	11	40	2	2	37	40	2	2	61	100	2	1	1086	10	0	0	0		0	8	0	10	18	360	1	1
987	PhĘn Vâ T­íng QuĐn Tó Giļp Th­Žng (tiŠu chuČn)	2	0	6	1721	0	0	0		2	2	11	40	2	2	37	40	2	2	61	100	2	1	1086	10	0	0	0		0	8	0	10	10	360	1	1
988	PhĘn Vâ T­íng QuĐn Tó Giļp Th­Žng (khŦi ngŦ)	2	0	6	1722	0	0	0		2	2	11	40	2	2	37	40	2	2	61	100	2	1	1086	10	0	0	0		0	8	0	10	10	360	1	1
989	PhĘn Vâ T­íng QuĐn Tó Giļp Th­Žng (gîi cķm)	2	0	6	1723	0	0	0		2	2	11	40	2	2	37	40	2	2	61	100	2	1	1086	10	0	0	0		0	8	0	10	10	360	1	1
990	PhĘn Vâ T­íng QuĐn Tó Giļp Th­Žng (KiŌu nũ)	2	0	6	1724	0	0	0		2	2	11	40	2	2	37	40	2	2	61	100	2	1	1086	10	0	0	0		0	8	0	10	10	360	1	1
991	PhĘn Uy T­íng QuĐn XuyŠn Giļp Cung (tiŠu chuČn)	4	0	4	1821	0	0	0		2	2	11	40	2	2	37	40	2	2	61	100	2	1	1086	10	0	0	0		0	8	0	10	19	360	1	1
992	PhĘn Uy T­íng QuĐn XuyŠn Giļp Cung (khŦi ngŦ)	4	0	4	1822	0	0	0		2	2	11	40	2	2	37	40	2	2	61	100	2	1	1086	10	0	0	0		0	8	0	10	19	360	1	1
993	PhĘn Uy T­íng QuĐn XuyŠn Giļp Cung (gîi cķm)	4	0	4	1823	0	0	0		2	2	11	40	2	2	37	40	2	2	61	100	2	1	1086	10	0	0	0		0	8	0	10	19	360	1	1
994	PhĘn Uy T­íng QuĐn XuyŠn Giļp Cung (KiŌu nũ)	4	0	4	1824	0	0	0		2	2	11	40	2	2	37	40	2	2	61	100	2	1	1086	10	0	0	0		0	8	0	10	19	360	1	1
995	Hūc VŦ Th­ęng M·nh §éc §ao (tiŠu chuČn)	3	0	7	2021	0	0	0		2	2	11	40	2	2	37	40	2	2	61	100	2	1	1086	10	0	0	0		0	8	0	10	21	360	1	1
996	Hūc VŦ Th­ęng M·nh §éc §ao (khŦi ngŦ)	3	0	7	2022	0	0	0		2	2	11	40	2	2	37	40	2	2	61	100	2	1	1086	10	0	0	0		0	8	0	10	21	360	1	1
997	Hūc VŦ Th­ęng M·nh §éc §ao (gîi cķm)	3	0	7	2023	0	0	0		2	2	11	40	2	2	37	40	2	2	61	100	2	1	1086	10	0	0	0		0	8	0	10	21	360	1	1
998	Hūc VŦ Th­ęng M·nh §éc §ao (KiŌu nũ)	3	0	7	2024	0	0	0		2	2	11	40	2	2	37	40	2	2	61	100	2	1	1086	10	0	0	0		0	8	0	10	21	360	1	1
999	Bđch VŦ Th­ęng Ngôy §éc Trķo (tiŠu chuČn)	4	0	11	2121	0	0	0		2	2	11	40	2	2	37	40	2	2	61	100	2	1	1086	10	0	0	0		0	8	0	10	20	360	1	1
1000	Bđch VŦ Th­ęng Ngôy §éc Trķo (khŦi ngŦ)	4	0	11	2122	0	0	0		2	2	11	40	2	2	37	40	2	2	61	100	2	1	1086	10	0	0	0		0	8	0	10	20	360	1	1
1001	Bđch VŦ Th­ęng Ngôy §éc Trķo (gîi cķm)	4	0	11	2123	0	0	0		2	2	11	40	2	2	37	40	2	2	61	100	2	1	1086	10	0	0	0		0	8	0	10	20	360	1	1
1002	Bđch VŦ Th­ęng Ngôy §éc Trķo (KiŌu nũ)	4	0	11	2124	0	0	0		2	2	11	40	2	2	37	40	2	2	61	100	2	1	1086	10	0	0	0		0	8	0	10	20	360	1	1
1003	Vđn NhÉn	3	0	0	14	0	0	0		2	2	37	40	2	2	11	40	2	2	58	10	2	2	61	4	0	0	0		1	8	0	10	6	180	0	1
1004	Háa Tinh	3	0	2	36	0	0	0		2	2	37	40	2	2	11	40	2	2	58	10	2	2	61	4	0	0	0		1	8	0	10	4	180	0	1
1005	LiÖt DiÖm	2	0	5	40	0	0	0		2	2	37	40	2	2	11	40	2	2	58	10	2	2	61	4	0	0	0		1	8	0	10	11	180	0	1
1006	M·n ThiŠn Hoa Vō	4	0	1	53	0	0	0		2	2	37	40	2	2	11	40	2	2	58	10	2	2	61	4	0	0	0		1	8	0	10	16	180	0	1
1007	Cæ §Ýnh	3	0	3	64	0	0	0		2	2	37	40	2	2	11	40	2	2	58	10	2	2	61	4	0	0	0		1	8	0	10	5	180	0	1
1008	Hi NhĐn CĮm	4	0	10	75	0	0	0		2	2	37	40	2	2	11	40	2	2	58	10	2	2	61	4	0	0	0		1	8	0	10	17	180	0	1
1009	ThĮn Hĩnh	4	0	9	86	0	0	0		2	2	37	40	2	2	11	40	2	2	58	10	2	2	61	4	0	0	0		1	8	0	10	18	180	0	1
1010	A La Hļn Tr­îng	2	0	8	97	0	0	0		2	2	37	40	2	2	11	40	2	2	58	10	2	2	61	4	0	0	0		1	8	0	10	12	180	0	1
1011	§đi Hĩo LŦi Th­Žng	2	0	6	108	0	0	0		2	2	37	40	2	2	11	40	2	2	58	10	2	2	61	4	0	0	0		1	8	0	10	10	180	0	1
1012	ThĮn Cung	4	0	4	119	0	0	0		2	2	37	40	2	2	11	40	2	2	58	10	2	2	61	4	0	0	0		1	8	0	10	19	180	0	1
1013	M·nh hæ	4	0	11	12	0	0	0		2	2	37	40	2	2	11	40	2	2	58	10	2	2	61	4	0	0	0		1	8	0	10	20	180	0	1
1014	LĻng Phong	3	0	7	12	0	0	0		2	2	37	40	2	2	11	40	2	2	58	10	2	2	61	4	0	0	0		1	8	0	10	21	180	0	1
1015	ThĮn Quy	3	0	0	15	0	0	0		2	2	38	40	2	2	12	40	2	2	58	10	2	2	61	10	0	0	0		1	9	0	10	6	180	0	1
1016	Ēm D­Žng Ęn	3	0	0	16	0	0	0		2	2	39	40	2	2	13	40	2	2	58	10	2	2	61	20	0	0	0		1	10	0	10	6	180	0	1
1017	Häa ķnh	3	0	2	37	0	0	0		2	2	38	40	2	2	12	40	2	2	58	10	2	2	61	10	0	0	0		1	9	0	10	4	180	0	1
1018	Nha Cöu	3	0	2	38	0	0	0		2	2	39	40	2	2	13	40	2	2	58	10	2	2	61	20	0	0	0		1	10	0	10	4	180	0	1
1019	Ngäc Trô	2	0	5	41	0	0	0		2	2	38	40	2	2	12	40	2	2	58	10	2	2	61	10	0	0	0		1	9	0	10	11	180	0	1
1020	ThĮn ChĐm 	2	0	5	42	0	0	0		2	2	39	40	2	2	13	40	2	2	58	10	2	2	61	20	0	0	0		1	10	0	10	11	180	0	1
1021	Khoa Phô	4	0	1	54	0	0	0		2	2	38	40	2	2	12	40	2	2	58	10	2	2	61	10	0	0	0		1	9	0	10	16	180	0	1
1022	KhŦng cã	4	0	1	55	0	0	0		2	2	39	40	2	2	13	40	2	2	58	10	2	2	61	20	0	0	0		1	10	0	10	16	180	0	1
1023	LËu Cķnh	3	0	3	65	0	0	0		2	2	38	40	2	2	12	40	2	2	58	10	2	2	61	10	0	0	0		1	9	0	10	5	180	0	1
1024	NghÞch LĐn	3	0	3	66	0	0	0		2	2	39	40	2	2	13	40	2	2	58	10	2	2	61	20	0	0	0		1	10	0	10	5	180	0	1
1025	§đi Thļnh Di Ēm	4	0	10	76	0	0	0		2	2	38	40	2	2	12	40	2	2	58	10	2	2	61	10	0	0	0		1	9	0	10	17	180	0	1
1026	KhŦ Méc Long NgĐm	4	0	10	77	0	0	0		2	2	39	40	2	2	13	40	2	2	58	10	2	2	61	20	0	0	0		1	10	0	10	17	180	0	1
1027	Toan D­	4	0	9	87	0	0	0		2	2	38	40	2	2	12	40	2	2	58	10	2	2	61	10	0	0	0		1	9	0	10	18	180	0	1
1028	Thļi H­	4	0	9	88	0	0	0		2	2	39	40	2	2	13	40	2	2	58	10	2	2	61	20	0	0	0		1	10	0	10	18	180	0	1
1029	Môc KiŌn LiŠn Tr­îng	2	0	8	98	0	0	0		2	2	38	40	2	2	12	40	2	2	58	10	2	2	61	10	0	0	0		1	9	0	10	12	180	0	1
1030	D­îc S­ tr­îng	2	0	8	99	0	0	0		2	2	39	40	2	2	13	40	2	2	58	10	2	2	61	20	0	0	0		1	10	0	10	12	180	0	1
1031	Cöu Long Toĩn KÝch	2	0	6	109	0	0	0		2	2	38	40	2	2	12	40	2	2	58	10	2	2	61	10	0	0	0		1	9	0	10	10	180	0	1
1032	Th­Žng NŦ	2	0	6	110	0	0	0		2	2	39	40	2	2	13	40	2	2	58	10	2	2	61	20	0	0	0		1	10	0	10	10	180	0	1
1033	ViŠn §Ō	4	0	4	120	0	0	0		2	2	38	40	2	2	12	40	2	2	58	10	2	2	61	10	0	0	0		1	9	0	10	19	180	0	1
1034	BĘt Xđ Chi Xđ	4	0	4	121	0	0	0		2	2	39	40	2	2	13	40	2	2	58	10	2	2	61	20	0	0	0		1	10	0	10	19	180	0	1
1035	VŦ NgĘn	4	0	11	13	0	0	0		2	2	38	40	2	2	12	40	2	2	58	10	2	2	61	10	0	0	0		1	9	0	10	20	180	0	1
1036	Thanh Long	4	0	11	14	0	0	0		2	2	39	40	2	2	13	40	2	2	58	10	2	2	61	20	0	0	0		1	10	0	10	20	180	0	1
1037	BÝch Thņy	3	0	7	13	0	0	0		2	2	38	40	2	2	12	40	2	2	58	10	2	2	61	10	0	0	0		1	9	0	10	21	180	0	1
1038	ThiŠn TŦn	3	0	7	14	0	0	0		2	2	39	40	2	2	13	40	2	2	58	10	2	2	61	20	0	0	0		1	10	0	10	21	180	0	1
1039	Ngō LŦi Bĩi	8																								0	0	0		0	7	0	28	43	54	0	1
1040	ThĮn Hĩnh Giļp M·	8																																			
1041	Chung Qïy LÖnh	8																																			
1042	Ngō Hĩnh Bĩn	8																																			
1043	ThiŠn Long Bļt Bé Phï Ęn	8																																			
1044	ThiŠn V­Žng Bæ TĐm §Žn	6																																			
1045	Bļch LuyÖn ThiŠn KiÕp §Žn	6																																			
1046	Sinh Tö LuĐn Håi Tļn	6																																			
1047	Thļi Th­îng TiŠn §Žn	6																																			
1048	Vđn Linh ChĐu	7																																			
1049	Bļnh nÕp	7																																			
1050	Bļnh n­íng	7																																			
1051	CŽm nūm Long T­îng	7																																			
1052	Cļnh gĩ n­íng	7																																			
1053	Bļch TrËn (ngođi)	10	0	103	73	0	0	0		2	2	49	40	2	2	56	40	2	2	23	10	2	2	64	10	0	0	0		1	9	0	10	22	180	0	1
1054	Ī Bĩn (ngođi)	10	0	103	74	0	0	0		2	2	49	40	2	2	56	40	2	2	23	10	2	2	64	10	0	0	0		1	9	0	10	23	180	0	1
1055	PhiŠn TuyÕt (ngođi)	10	0	103	76	0	0	0		2	2	49	40	2	2	56	40	2	2	23	10	2	2	64	10	0	0	0		1	9	0	10	25	180	0	1
1056	Häa HuĐn (ngođi)	10	0	103	75	0	0	0		2	2	49	40	2	2	56	40	2	2	23	10	2	2	64	10	0	0	0		1	9	0	10	24	180	0	1
1057	ThĘt ThĮn Y (ngođi)	5	0	100	73	0	0	0		2	2	49	40	2	2	56	40	2	2	23	10	2	2	64	10	0	0	0		1	9	0	10	22	180	0	1
1058	Long LĐn Ī Kim Giļp (ngođi)	5	0	100	74	0	0	0		2	2	49	40	2	2	56	40	2	2	23	10	2	2	64	10	0	0	0		1	9	0	10	23	180	0	1
1059	Doanh Vō Th­ęng (ngođi)	5	0	100	76	0	0	0		2	2	49	40	2	2	56	40	2	2	23	10	2	2	64	10	0	0	0		1	9	0	10	25	180	0	1
1060	Lôc Oanh Vō Th­ęng (ngođi)	5	0	100	75	0	0	0		2	2	49	40	2	2	56	40	2	2	23	10	2	2	64	10	0	0	0		1	9	0	10	24	180	0	1
1061	Së Ca (ngođi)	9	0	101	73	0	0	0		2	2	49	40	2	2	56	40	2	2	23	10	2	2	64	10	0	0	0		1	9	0	10	22	180	0	1
1062	KŨnh Th­Žng (ngođi)	9	0	101	74	0	0	0		2	2	49	40	2	2	56	40	2	2	23	10	2	2	64	10	0	0	0		1	9	0	10	23	180	0	1
1063	Hĩn §é (ngođi)	9	0	101	76	0	0	0		2	2	49	40	2	2	56	40	2	2	23	10	2	2	64	10	0	0	0		1	9	0	10	25	180	0	1
1064	Phï Thuý (ngođi)	9	0	101	75	0	0	0		2	2	49	40	2	2	56	40	2	2	23	10	2	2	64	10	0	0	0		1	9	0	10	24	180	0	1
1065	Lôc Ly	10	0	103	81	0	0	0		2	2	50	40	2	2	100	40	2	2	23	10	2	2	64	20	0	0	0		1	10	0	10	22	180	0	1
1066	Thôc Quû	10	0	103	82	0	0	0		2	2	50	40	2	2	100	40	2	2	23	10	2	2	64	20	0	0	0		1	10	0	10	23	180	0	1
1067	ķm NguyÖt	10	0	103	84	0	0	0		2	2	50	40	2	2	100	40	2	2	23	10	2	2	64	20	0	0	0		1	10	0	10	25	180	0	1
1068	Phó Vō	10	0	103	83	0	0	0		2	2	50	40	2	2	100	40	2	2	23	10	2	2	64	20	0	0	0		1	10	0	10	24	180	0	1
1069	Tč NgĐn Bĩo	5	0	100	81	0	0	0		2	2	50	40	2	2	100	40	2	2	23	10	2	2	64	20	0	0	0		1	10	0	10	22	180	0	1
1070	XÝch LuyÖn Giļp Y	5	0	100	82	0	0	0		2	2	50	40	2	2	100	40	2	2	23	10	2	2	64	20	0	0	0		1	10	0	10	23	180	0	1
1071	§đi YŠn NghŠ Th­ęng	5	0	100	84	0	0	0		2	2	50	40	2	2	100	40	2	2	23	10	2	2	64	20	0	0	0		1	10	0	10	25	180	0	1
1072	Ngäc Thoa Vō Y	5	0	100	83	0	0	0		2	2	50	40	2	2	100	40	2	2	23	10	2	2	64	20	0	0	0		1	10	0	10	24	180	0	1
1073	ThÖ VĐn	9	0	101	81	0	0	0		2	2	50	40	2	2	100	40	2	2	23	10	2	2	64	20	0	0	0		1	10	0	10	22	180	0	1
1074	HuyŌn TiŠu	9	0	101	82	0	0	0		2	2	50	40	2	2	100	40	2	2	23	10	2	2	64	20	0	0	0		1	10	0	10	23	180	0	1
1075	Dđ Ca	9	0	101	84	0	0	0		2	2	50	40	2	2	100	40	2	2	23	10	2	2	64	20	0	0	0		1	10	0	10	25	180	0	1
1076	KhŠ VĐn	9	0	101	83	0	0	0		2	2	50	40	2	2	100	40	2	2	23	10	2	2	64	20	0	0	0		1	10	0	10	24	180	0	1
1077	HuyŌn Vō (néi)	10	0	103	77	0	0	0		2	2	49	40	2	2	56	40	2	2	23	10	2	2	64	10	0	0	0		1	9	0	10	22	180	0	1
1078	Cöu Anh (néi)	10	0	103	78	0	0	0		2	2	49	40	2	2	56	40	2	2	23	10	2	2	64	10	0	0	0		1	9	0	10	23	180	0	1
1079	YŠn La (néi)	10	0	103	80	0	0	0		2	2	49	40	2	2	56	40	2	2	23	10	2	2	64	10	0	0	0		1	9	0	10	25	180	0	1
1080	YŠn Hoa (néi)	10	0	103	79	0	0	0		2	2	49	40	2	2	56	40	2	2	23	10	2	2	64	10	0	0	0		1	9	0	10	24	180	0	1
1081	Giļng Tö Bĩo (néi)	5	0	100	77	0	0	0		2	2	49	40	2	2	56	40	2	2	23	10	2	2	64	10	0	0	0		1	9	0	10	22	180	0	1
1082	L­u Kim Giļp Y (néi)	5	0	100	78	0	0	0		2	2	49	40	2	2	56	40	2	2	23	10	2	2	64	10	0	0	0		1	9	0	10	23	180	0	1
1083	Phông Vō NghŠ Sa (néi)	5	0	100	80	0	0	0		2	2	49	40	2	2	56	40	2	2	23	10	2	2	64	10	0	0	0		1	9	0	10	25	180	0	1
1084	Song §đi Vō Th­ęng (néi)	5	0	100	79	0	0	0		2	2	49	40	2	2	56	40	2	2	23	10	2	2	64	10	0	0	0		1	9	0	10	24	180	0	1
1085	§Þnh MÆc (néi)	9	0	101	77	0	0	0		2	2	49	40	2	2	56	40	2	2	23	10	2	2	64	10	0	0	0		1	9	0	10	22	180	0	1
1086	§ŧng Ngäc (néi)	9	0	101	78	0	0	0		2	2	49	40	2	2	56	40	2	2	23	10	2	2	64	10	0	0	0		1	9	0	10	23	180	0	1
1087	Tinh Lam (néi)	9	0	101	80	0	0	0		2	2	49	40	2	2	56	40	2	2	23	10	2	2	64	10	0	0	0		1	9	0	10	25	180	0	1
1088	Vō Mđc (néi)	9	0	101	79	0	0	0		2	2	49	40	2	2	56	40	2	2	23	10	2	2	64	10	0	0	0		1	9	0	10	24	180	0	1
																																					
1090	§oķn TiŠu 	4	0	12	1	0	0	0		2	2	1	4	2	2	41	4	2	2	59	1	0	0	0		0	0	0		1	1	0	4	60	180	0	1
1091	Méc TiŠu	4	0	12	2	0	0	0		2	2	1	4	2	2	41	4	2	2	59	2	0	0	0		0	0	0		1	1	0	4	60	180	0	1
1092	Tróc TiŠu 	4	0	12	3	0	0	0		2	2	2	4	2	2	42	4	2	2	27	1	2	2	59	3	0	0	0		1	2	0	4	60	180	0	1
1093	Môc TiŠu 	4	0	12	4	0	0	0		2	2	2	4	2	2	42	4	2	2	27	1	2	2	59	4	0	0	0		1	2	0	4	60	180	0	1
1094	TĘt TiŠu	4	0	12	5	0	0	0		2	8	5	4	2	2	43	4	2	2	27	1	2	2	60	1	0	0	0		1	3	0	6	60	180	0	1
1095	§ång TiŠu	4	0	12	6	0	0	0		2	2	4	4	2	2	44	4	2	2	57	1	2	2	60	2	0	0	0		1	4	0	6	60	180	0	1
1096	Giļc ThÝch	4	0	12	7	0	0	0		2	2	4	4	2	2	44	4	2	2	57	1	2	2	60	3	0	0	0		1	4	0	8	60	180	0	1
1097	Lam Linh	4	0	12	8	0	0	0		2	2	5	5	2	2	45	5	2	2	57	1	2	2	60	5	0	0	0		1	5	0	8	60	180	0	1
1098	HuyŌn Hång	4	0	12	9	0	0	0		2	2	5	5	2	2	45	5	2	2	57	1	2	2	61	2	0	0	0		1	5	0	8	60	180	0	1
1099	Thóy Ngäc	4	0	12	10	0	0	0		2	2	6	5	2	2	9	5	2	2	58	1	2	2	61	3	0	0	0		1	6	0	8	60	180	0	1
1100	NgĐn Ti	4	0	12	11	0	0	0		2	2	36	6	2	2	10	6	2	2	58	1	2	2	61	4	0	0	0		1	7	0	8	60	180	0	1
1101	Minh BĻng	4	0	12	12	0	0	0		2	2	37	40	2	2	11	40	2	2	58	10	2	2	61	4	0	0	0		1	8	0	8	60	180	0	1
1102	Bđch Vō	4	0	13	1	0	0	0		2	2	1	4	2	2	41	4	2	2	59	1	0	0	0		0	0	0		1	1	0	4	61	180	0	1
1103	Nhđn Vō	4	0	13	2	0	0	0		2	2	1	4	2	2	41	4	2	2	59	2	0	0	0		0	0	0		1	1	0	4	61	180	0	1
1104	BÝch Ngäc	4	0	13	3	0	0	0		2	2	2	4	2	2	42	4	2	2	27	1	2	2	59	3	0	0	0		1	2	0	4	61	180	0	1
1105	Hoa hång	4	0	13	4	0	0	0		2	2	2	4	2	2	42	4	2	2	27	1	2	2	59	4	0	0	0		1	2	0	4	61	180	0	1
1106	§ĩo Chi	4	0	13	5	0	0	0		2	8	5	4	2	2	43	4	2	2	27	1	2	2	60	1	0	0	0		1	3	0	6	61	180	0	1
1107	T­íc Vō	4	0	13	6	0	0	0		2	2	4	4	2	2	44	4	2	2	57	1	2	2	60	2	0	0	0		1	4	0	6	61	180	0	1
1108	NgĐn LĻng	4	0	13	7	0	0	0		2	2	4	4	2	2	44	4	2	2	57	1	2	2	60	3	0	0	0		1	4	0	8	61	180	0	1
1109	Kim Méng	4	0	13	8	0	0	0		2	2	5	5	2	2	45	5	2	2	57	1	2	2	60	5	0	0	0		1	5	0	8	61	180	0	1
1110	TiŠu Hån	4	0	13	9	0	0	0		2	2	5	5	2	2	45	5	2	2	57	1	2	2	61	2	0	0	0		1	5	0	8	61	180	0	1
1111	TuyÕt Hån	4	0	13	10	0	0	0		2	2	6	5	2	2	9	5	2	2	58	1	2	2	61	3	0	0	0		1	6	0	8	61	180	0	1
1112	§iÖp Thóy	4	0	13	11	0	0	0		2	2	36	6	2	2	10	6	2	2	58	1	2	2	61	4	0	0	0		1	7	0	8	61	180	0	1
1113	Ngäc Doanh	4	0	13	12	0	0	0		2	2	37	40	2	2	11	40	2	2	58	10	2	2	61	4	0	0	0		1	8	0	8	61	180	0	1
																																					
1114	Linh §å ThiÕu LĐm §ao	3	0	3	30207	0	0	0		2	2	38	10	2	2	12	10	2	1	30670	10	2	1	30680	20	0	0	0		0	9	0	24	62	180	1	1
1115	Linh §å ThiÕu LĐm Tr­îng	2	0	8	30208	0	0	0		2	2	38	10	2	2	12	10	2	1	30670	10	2	1	30680	20	0	0	0		0	9	0	24	62	180	1	1
1116	Linh §å ThiÕu LĐm Thņ	3	0	0	30209	0	0	0		2	2	38	10	2	2	12	10	2	1	30670	10	2	1	30680	20	0	0	0		0	9	0	24	62	180	1	1
1117	Linh §å §­ęng MŦn ChĐm	4	0	1	30210	0	0	0		2	2	38	10	2	2	12	10	2	1	30670	10	2	1	30680	20	0	0	0		0	9	0	24	62	180	1	1
1118	Linh §å Nga My KiÕm	3	0	2	30211	0	0	0		2	2	38	10	2	2	12	10	2	1	30670	10	2	1	30680	20	0	0	0		0	9	0	24	62	180	1	1
1119	Linh §å Nga My §ĩn	4	0	10	30212	0	0	0		2	2	38	10	2	2	12	10	2	1	30670	10	2	1	30680	20	0	0	0		0	9	0	24	62	180	1	1
1120	Linh §å Cļi Bang Thņ	3	0	0	30213	0	0	0		2	2	38	10	2	2	12	10	2	1	30670	10	2	1	30680	20	0	0	0		0	9	0	24	62	180	1	1
1121	Linh §å Cļi Bang CŦn	2	0	5	30214	0	0	0		2	2	38	10	2	2	12	10	2	1	30670	10	2	1	30680	20	0	0	0		0	9	0	24	62	180	1	1
1122	Linh §å Vâ §ang KiÕm	3	0	2	30215	0	0	0		2	2	38	10	2	2	12	10	2	1	30670	10	2	1	30680	20	0	0	0		0	9	0	24	62	180	1	1
1123	Linh §å Vâ §ang Bót	4	0	9	30216	0	0	0		2	2	38	10	2	2	12	10	2	1	30670	10	2	1	30680	20	0	0	0		0	9	0	24	62	180	1	1
1124	Linh §å D­Žng MŦn Th­Žng	2	0	6	30217	0	0	0		2	2	38	10	2	2	12	10	2	1	30670	10	2	1	30680	20	0	0	0		0	9	0	24	62	180	1	1
1125	Linh §å D­Žng MŦn Cung	4	0	4	30218	0	0	0		2	2	38	10	2	2	12	10	2	1	30670	10	2	1	30680	20	0	0	0		0	9	0	24	62	180	1	1
1126	Linh §å Ngō §éc §ao	3	0	7	30219	0	0	0		2	2	38	10	2	2	12	10	2	1	30670	10	2	1	30680	20	0	0	0		0	9	0	24	62	180	1	1
1127	Linh §å Ngō §éc Trķo	4	0	11	30220	0	0	0		2	2	38	10	2	2	12	10	2	1	30670	10	2	1	30680	20	0	0	0		0	9	0	24	62	180	1	1
1128	Linh §å CŦn LŦn KiÕm	3	0	2	30221	0	0	0		2	2	38	10	2	2	12	10	2	1	30670	10	2	1	30680	20	0	0	0		0	9	0	24	62	180	1	1
1129	Linh §å Thóy YŠn PhiÕn	4	0	13	30222	0	0	0		2	2	38	10	2	2	12	10	2	1	30670	10	2	1	30680	20	0	0	0		0	9	0	24	62	180	1	1
1130	Linh §å Thóy YŠn §Þch	4	0	12	30223	0	0	0		2	2	38	10	2	2	12	10	2	1	30670	10	2	1	30680	20	0	0	0		0	9	0	24	62	180	1	1
																																					
1131	Linh §å M·o	10	0	103	30235	0	0	0		2	2	49	10	2	2	56	10	2	1	30671	10	2	1	30680	20	0	0	0		0	9	0	24	64	180	1	1
1132	Linh §å M·o	10	0	103	30236	0	0	0		2	2	49	10	2	2	56	10	2	1	30671	10	2	1	30680	20	0	0	0		0	9	0	24	64	180	1	1
1133	Linh §å M·o	10	0	103	30237	0	0	0		2	2	49	10	2	2	56	10	2	1	30671	10	2	1	30680	20	0	0	0		0	9	0	24	64	180	1	1
1134	Linh §å M·o	10	0	103	30238	0	0	0		2	2	49	10	2	2	56	10	2	1	30671	10	2	1	30680	20	0	0	0		0	9	0	24	64	180	1	1
1135	Linh §å Y	5	0	100	30235	0	0	0		2	2	49	10	2	2	56	10	2	1	30671	10	2	1	30680	20	0	0	0		0	9	0	24	65	180	1	1
1136	Linh §å Y	5	0	100	30236	0	0	0		2	2	49	10	2	2	56	10	2	1	30671	10	2	1	30680	20	0	0	0		0	9	0	24	65	180	1	1
1137	Linh §å Y	5	0	100	30237	0	0	0		2	2	49	10	2	2	56	10	2	1	30671	10	2	1	30680	20	0	0	0		0	9	0	24	65	180	1	1
1138	Linh §å Y	5	0	100	30238	0	0	0		2	2	49	10	2	2	56	10	2	1	30671	10	2	1	30680	20	0	0	0		0	9	0	24	65	180	1	1
1139	Linh §å Trang (Sļt th­Žng)	9	0	101	30235	0	0	0		2	2	49	10	2	2	56	10	2	1	30671	10	2	1	30680	20	0	0	0		0	9	0	24	66	180	1	1
1140	Linh §å Trang (Sļt th­Žng)	9	0	101	30236	0	0	0		2	2	49	10	2	2	56	10	2	1	30671	10	2	1	30680	20	0	0	0		0	9	0	24	66	180	1	1
1141	Linh §å Trang (Sļt th­Žng)	9	0	101	30237	0	0	0		2	2	49	10	2	2	56	10	2	1	30671	10	2	1	30680	20	0	0	0		0	9	0	24	66	180	1	1
1142	Linh §å Trang (Sļt th­Žng)	9	0	101	30238	0	0	0		2	2	49	10	2	2	56	10	2	1	30671	10	2	1	30680	20	0	0	0		0	9	0	24	66	180	1	1
1143	Linh §å Trang  (Ngođi cŦng)	9	0	101	30239	0	0	0		2	2	49	10	2	2	56	10	2	1	30671	10	2	1	30680	20	0	0	0		0	9	0	24	66	180	1	1
1144	Linh §å Trang  (Ngođi cŦng)	9	0	101	30240	0	0	0		2	2	49	10	2	2	56	10	2	1	30671	10	2	1	30680	20	0	0	0		0	9	0	24	66	180	1	1
1145	Linh §å Trang  (Ngođi cŦng)	9	0	101	30241	0	0	0		2	2	49	10	2	2	56	10	2	1	30671	10	2	1	30680	20	0	0	0		0	9	0	24	66	180	1	1
1146	Linh §å Trang  (Ngođi cŦng)	9	0	101	30242	0	0	0		2	2	49	10	2	2	56	10	2	1	30671	10	2	1	30680	20	0	0	0		0	9	0	24	66	180	1	1
1147	Linh §å Trang (Néi kÝch)	9	0	101	30243	0	0	0		2	2	49	10	2	2	56	10	2	1	30671	10	2	1	30680	20	0	0	0		0	9	0	24	66	180	1	1
1148	Linh §å Trang (Néi kÝch)	9	0	101	30244	0	0	0		2	2	49	10	2	2	56	10	2	1	30671	10	2	1	30680	20	0	0	0		0	9	0	24	66	180	1	1
1149	Linh §å Trang (Néi kÝch)	9	0	101	30245	0	0	0		2	2	49	10	2	2	56	10	2	1	30671	10	2	1	30680	20	0	0	0		0	9	0	24	66	180	1	1
1150	Linh §å Trang (Néi kÝch)	9	0	101	30246	0	0	0		2	2	49	10	2	2	56	10	2	1	30671	10	2	1	30680	20	0	0	0		0	9	0	24	66	180	1	1