ID	Name	Belong	ProduceGenre	ProduceSub	ProduceDetail	SecProduceGenre	SecProduceSub	SecProduceDetail	SecProduceRate	Stuff1Genre	Stuff1Sub	Stuff1Detail	Stuff1Num	Stuff2Genre	Stuff2Sub	Stuff2Detail	Stuff2Num	Stuff3Genre	Stuff3Sub	Stuff3Detail	Stuff3Num	Stuff4Genre	Stuff4Sub	Stuff4Detail	Stuff4Num	ToolGenre	ToolSub	ToolDetail	ToolNum	NeedMore	Level	StaminaCost	ExpGain	RecipeDetail	MakeTime	EquipType	Identify
1	窝头	1	1	1	1																									0	1	1	0	201	36	0	1
2	军用物资	1	2	97	1					2	0	307	15																	0	1	0	0	201	36	0	1
3	黑钨精石	1	2	2	66					2	2	37	20	2	8	7	5													0	1	0	0	201	36	0	1
4	铁线精木	1	2	2	67					2	2	11	20	2	10	2	5													0	1	0	0	201	36	0	1
5	山狮精皮	1	2	2	68					2	2	47	20	2	9	7	5													0	1	0	0	201	36	0	1
6	赤钨灵符	1	2	2	69					2	1	912	5	2	2	14	5													0	1	0	0	201	36	0	1
7	饭团	1	1	1	2					1	3	9	2	1	3	8	4													0	2	2	2	202	36	0	1
8	馒头	1	1	1	3					1	3	10	2	1	3	20	2	1	3	8	4									0	2	2	2	202	36	0	1
9	素炒竹肉	1	1	1	6					1	3	9	2	1	3	19	2	1	3	8	2									0	2	2	2	202	36	0	1
10	家常四季豆	1	1	1	7					1	3	11	2	1	3	21	2	1	3	8	2									0	2	2	2	202	36	0	1
11	烧刀子	1	1	1	10					1	3	5	2	1	3	19	2	1	3	8	2									0	2	2	2	202	36	0	1
12	女儿红	1	1	1	11					1	3	5	2	1	3	20	2	1	3	19	2	1	3	8	2					0	2	2	2	202	36	0	1
13	花卷	1	1	1	4					1	3	12	2	1	3	22	2	1	3	11	1	1	3	8	2					0	5	3	10	203	36	0	1
14	肉包	1	1	1	5	1	0	411	20	1	3	14	2	1	3	2	2	1	3	8	4									0	5	3	10	203	36	0	1
15	炒豌豆角	1	1	1	8					1	3	13	2	1	3	12	4	1	3	8	2									0	5	3	10	203	36	0	1
16	蒜茸生菜	1	1	1	9					1	3	15	2	1	3	14	2	1	3	13	1	1	3	24	2					0	5	3	10	203	36	0	1
17	稻花香	1	1	1	12					1	3	12	2	1	3	22	2	1	3	21	1	1	3	7	2					0	5	3	10	203	36	0	1
18	醉生梦死	1	1	1	13					1	3	14	2	1	3	13	2	1	3	22	1	1	3	7	2					0	5	3	10	203	36	0	1
19	鱼露	1	2	131	9					2	130	4	2	2	130	5	2	2	130	6	1	1	3	8	2					0	5	3	10	203	36	0	1
20	蛋炒饭	1	1	1	14					1	3	16	2	1	3	15	2	1	3	14	1	2	131	81	2					0	7	5	20	204	36	0	1
21	黄金糕	1	1	1	15					1	3	16	2	1	3	13	3	2	131	81	2									0	7	5	20	204	36	0	1
22	玉笛谁家听落梅	1	1	1	16					1	3	15	2	1	3	14	2	1	3	4	1	2	131	81	2					0	7	5	20	204	36	0	1
23	二十四桥明月夜	1	1	1	17					1	3	17	2	1	3	4	1	1	3	15	1	2	131	81	2					0	7	5	20	204	36	0	1
24	木兰春	1	1	1	18					1	3	17	2	1	3	16	2	1	2	5	1	1	3	7	2					0	7	5	20	204	36	0	1
25	西北望	1	1	1	19					1	3	17	2	1	3	16	2	1	2	5	1	1	3	7	2					0	7	5	20	204	36	0	1
26	饴糖	1	2	131	11	2	131	12	20	1	3	13	2	1	3	16	2	2	130	19	1	1	3	7	2					0	7	5	20	204	36	0	1
27	红烧鱼丸	1	1	1	20					1	1	14	12	2	95	1507	1													0	7	5	20	204	36	0	1
28	什锦豆腐	1	1	1	21					1	1	9	12	2	95	1507	1													0	9	5	25	205	36	0	1
29	陈年杏花村	1	1	1	22					1	1	13	12	2	95	1507	1													0	9	5	25	205	36	0	1
30	黄金烧卖	1	1	1	23					1	1	15	12	2	95	1507	1													0	9	5	25	205	36	0	1
31	熊掌豆腐	1	1	1	24					1	1	16	12	2	95	1507	1													0	9	5	25	205	36	0	1
32	迎宾宴甲	1	1	1	25					1	1	14	60	2	95	1507	5													0	9	5	25	205	36	0	1
33	迎宾宴乙	1	1	1	25					1	1	9	60	2	95	1507	5													0	9	5	25	205	36	0	1
34	迎宾宴丙	1	1	1	25					1	1	13	60	2	95	1507	5													0	9	5	25	205	36	0	1
35	金猪全席	1	1	1	26					1	1	15	10	1	1	16	10	1	1	18	10	2	95	1507	10					0	9	5	25	205	36	0	1
36	孔府佳宴	1	1	1	27					1	1	15	10	1	1	17	10	1	1	19	10	2	95	1507	10					0	9	5	25	205	36	0	1
37	珍品粽子甲	1	1	0	287					1	0	289	10	1	0	291	10	2	95	1509	3									0	9	5	25	205	36	0	1
38	珍品粽子乙	1	1	0	287					1	0	290	5	1	0	291	10	2	95	1509	3									0	9	5	25	205	36	0	1
39	珍品粽子丙	1	1	0	287					1	0	291	15	2	95	1509	3													0	9	5	25	205	36	0	1
40	百花什锦月	1	1	0	292					2	130	21	5	2	131	13	1	2	130	20	5	2	95	1509	10					0	9	5	25	205	36	0	1
41	珍品月饼	1	1	0	293					1	0	292	3	2	95	1509	3													0	9	5	25	205	36	0	1
42	鹿鸣宴	1	1	0	401					1	1	22	1	2	130	20	4	2	131	11	1	2	131	49	1					0	9	10	30	205	36	0	1
43	杏园宴	1	1	0	402					1	1	22	1	2	130	22	4	2	131	12	1	2	131	50	1					0	9	10	35	205	36	0	1
44	荣恩宴	1	1	0	403					1	1	22	1	2	131	12	3	2	131	9	4	2	131	51	1					0	9	10	40	205	36	0	1
45	琼林宴	1	1	0	404					1	1	21	1	2	130	21	4	2	131	11	1	2	131	49	1					0	9	10	30	205	36	0	1
46	曲江宴	1	1	0	405					1	1	21	1	2	131	12	1	2	130	20	4	2	131	50	1					0	9	10	35	205	36	0	1
47	闻喜宴	1	1	0	406					1	1	24	1	2	131	9	4	2	131	12	3	2	131	51	1					0	9	10	40	205	36	0	1
48	鹰扬宴	1	1	0	407					1	1	20	1	2	130	20	4	2	131	11	1	2	131	49	1					0	9	10	30	205	36	0	1
49	会武宴	1	1	0	408					1	1	20	1	2	131	12	1	2	130	21	4	2	131	50	1					0	9	10	35	205	36	0	1
50	烧尾宴	1	1	0	409					1	1	23	1	2	131	9	4	2	131	12	3	2	131	51	1					0	9	10	40	205	36	0	1
51	绝品粽子甲	1	1	0	300					1	0	301	10	1	0	303	10	2	95	1509	1									0	9	10	25	205	36	0	1
52	绝品粽子乙	1	1	0	300					1	0	302	5	1	0	303	10	2	95	1509	1									0	9	10	25	205	36	0	1
53	绝品粽子丙	1	1	0	300					1	0	303	15	2	95	1509	1													0	9	10	25	205	36	0	1
54	珍品月饼	1	1	0	293					1	0	292	3	2	95	1509	3													0	9	5	25	205	36	0	1
55																																					
56																																					
57																																					
58																																					
59																																					
60																																					
61																																					
62																																					
63																																					
64																																					
65																																					
66																																					
67																																					
68																																					
69																																					
70																																					
71	窝头	2	1	1	1																									0	1	1	0	101	36	0	1
72	军用物资	2	2	97	1					2	0	307	15																	0	1	0	0	101	36	0	1
73	黑钨精石	2	2	2	66					2	2	37	20	2	8	7	5													0	1	0	0	101	36	0	1
74	铁线精木	2	2	2	67					2	2	11	20	2	10	2	5													0	1	0	0	101	36	0	1
75	山狮精皮	2	2	2	68					2	2	47	20	2	9	7	5													0	1	0	0	101	36	0	1
76	赤钨灵符	2	2	2	69					2	1	912	5	2	2	14	5													0	1	0	0	101	36	0	1
77	金创散	2	1	0	2					1	2	8	5																	0	2	2	2	102	36	0	1
78	止血散	2	1	0	3					1	2	2	2	1	2	1	2	1	2	8	1									0	2	2	2	102	36	0	1
79	小还丹	2	1	0	7					1	2	8	2	1	2	1	2													0	2	2	2	102	36	0	1
80	还阳丹	2	1	0	8					1	2	2	2	1	2	1	2	1	2	8	1									0	2	2	2	102	36	0	1
81	清心散	2	1	0	12					1	2	8	2	1	2	1	2	2	2	28	1									0	2	2	2	102	36	0	1
82	益气散	2	1	0	13					1	2	2	2	1	2	1	2	1	2	3	1	2	2	28	1					0	2	2	2	102	36	0	1
83	白日丹	2	1	0	17					1	2	8	2	1	2	1	2	2	2	28	1									0	2	2	2	102	36	0	1
84	全生丹	2	1	0	18					1	2	2	2	1	2	1	2	2	2	28	1									0	2	2	2	102	36	0	1
85	益阳散	2	1	0	22					1	2	8	2	1	2	1	2	2	2	28	1									0	2	2	2	102	36	0	1
86	千金散	2	1	0	23					1	2	2	2	1	2	1	2	2	2	28	1									0	2	2	2	102	36	0	1
87	白云散	2	1	0	4					1	2	3	2	1	2	10	4	1	2	9	2	2	2	28	3					0	5	3	10	103	36	0	1
88	大还丹	2	1	0	9					1	2	3	2	1	2	10	4	1	2	9	2	2	2	28	3					0	5	3	10	103	36	0	1
89	玉灵散	2	1	0	14					1	2	3	2	1	2	10	4	1	2	11	2	2	2	28	3					0	5	3	10	103	36	0	1
90	召魂丹	2	1	0	19					1	2	11	2	1	2	12	2	1	3	11	1	2	131	82	1					0	5	3	10	103	36	0	1
91	补天散	2	1	0	24					1	2	11	2	1	2	12	2	1	3	11	1	2	131	82	1					0	5	3	10	103	36	0	1
92	天香云锦续	2	1	0	5					1	2	4	2	1	2	5	2	1	2	6	1	2	131	82	1					0	7	5	20	104	36	0	1
93	一元复始丹	2	1	0	10					1	2	4	2	1	2	5	2	1	2	6	1	2	131	82	1					0	7	5	20	104	36	0	1
94	五花玉露丸	2	1	0	15					1	2	4	2	1	2	5	2	1	2	6	1	2	131	82	1					0	7	5	20	104	36	0	1
95	渔神役使丹	2	1	0	20					1	2	6	2	1	2	5	2	1	2	9	1	2	131	82	1					0	7	5	20	104	36	0	1
96	七虫七花散	2	1	0	25					1	2	6	2	1	2	4	2	1	2	2	1	2	131	82	1					0	7	5	20	104	36	0	1
97	护心丹	2	1	0	41					1	2	4	2	1	2	5	2	1	2	3	1	2	131	82	1					0	7	5	20	104	36	0	1
98	行气散	2	1	0	44					1	2	4	2	1	2	5	2	1	2	3	1	2	131	82	1					0	7	5	20	104	36	0	1
99	护体丹	2	1	0	54					1	2	4	2	1	2	5	2	1	2	3	1	2	131	82	1					0	7	5	20	104	36	0	1
100	护神丹	2	1	0	55					1	2	4	2	1	2	5	2	1	2	3	1	2	131	82	1					0	7	5	20	104	36	0	1
101	黑玉断续膏	2	1	0	6					1	0	5	1	2	131	82	1													0	9	5	25	105	36	0	1
102	万物归元丹	2	1	0	11					1	0	10	1	2	131	82	1													0	9	5	25	105	36	0	1
103	生生造化散	2	1	0	16					1	0	15	1	2	131	82	1													0	9	5	25	105	36	0	1
104	奔星却月丹	2	1	0	21					1	2	11	4	1	2	10	4	1	3	13	4	2	131	82	1					0	9	5	25	105	36	0	1
105	大日炎阳散	2	1	0	26					1	2	11	4	1	2	10	4	1	3	13	4	2	131	82	1					0	9	5	25	105	36	0	1
106	黄金玉露	2	1	0	276					2	130	24	4	2	130	25	4	1	0	26	10	2	131	82	1					0	9	5	25	105	36	0	1
107	五华聚元散（力量）	2	1	0	261					2	130	24	4	2	130	25	4	1	0	41	12	2	95	1508	1					0	9	5	25	105	36	0	1
108	五华聚元散（内功）	2	1	0	262					2	130	25	4	2	130	26	4	1	0	44	12	2	95	1508	1					0	9	5	25	105	36	0	1
109	五华聚元散（身法）	2	1	0	264					2	130	26	4	2	130	24	4	1	0	54	12	2	95	1508	1					0	9	5	25	105	36	0	1
110	五华聚元散（洞察）	2	1	0	265					2	130	26	4	2	130	24	4	1	0	55	12	2	95	1508	1					0	9	5	25	105	36	0	1
111	九转逍遥丹（力根）甲	2	1	0	277					1	0	261	6	1	0	263	6	2	95	1508	3									0	9	5	25	105	36	0	1
112	九转逍遥丹（力身）甲	2	1	0	278					1	0	261	6	1	0	264	6	2	95	1508	3									0	9	5	25	105	36	0	1
113	九转逍遥丹（力洞）甲	2	1	0	279					1	0	261	6	1	0	265	6	2	95	1508	3									0	9	5	25	105	36	0	1
114	九转逍遥丹（力内）甲	2	1	0	280					1	0	261	6	1	0	262	6	2	95	1508	3									0	9	5	25	105	36	0	1
115	九转逍遥丹（内根）甲	2	1	0	281					1	0	262	6	1	0	263	6	2	95	1508	3									0	9	5	25	105	36	0	1
116	九转逍遥丹（内身）甲	2	1	0	282					1	0	262	6	1	0	264	6	2	95	1508	3									0	9	5	25	105	36	0	1
117	九转逍遥丹（内洞）甲	2	1	0	283					1	0	262	6	1	0	265	6	2	95	1508	3									0	9	5	25	105	36	0	1
118	九转逍遥丹（身根）甲	2	1	0	284					1	0	264	6	1	0	263	6	2	95	1508	3									0	9	5	25	105	36	0	1
119	九转逍遥丹（身洞）甲	2	1	0	285					1	0	264	6	1	0	265	6	2	95	1508	3									0	9	5	25	105	36	0	1
120	九转逍遥丹（洞根）甲	2	1	0	286					1	0	265	6	1	0	263	6	2	95	1508	3									0	9	5	25	105	36	0	1
121	养性修身丸	2	2	111	116					2	95	223	1	2	111	117	1													0	9	5	5	102	36	0	1
122	九转逍遥丹（力根）乙	2	1	0	277					1	0	266	3	2	95	1508	3													0	9	5	25	105	36	0	1
123	九转逍遥丹（力身）乙	2	1	0	278					1	0	267	3	2	95	1508	3													0	9	5	25	105	36	0	1
124	九转逍遥丹（力洞）乙	2	1	0	279					1	0	268	3	2	95	1508	3													0	9	5	25	105	36	0	1
125	九转逍遥丹（力内）乙	2	1	0	280					1	0	269	3	2	95	1508	3													0	9	5	25	105	36	0	1
126	九转逍遥丹（内根）乙	2	1	0	281					1	0	270	3	2	95	1508	3													0	9	5	25	105	36	0	1
127	九转逍遥丹（内身）乙	2	1	0	282					1	0	271	3	2	95	1508	3													0	9	5	25	105	36	0	1
128	九转逍遥丹（内洞）乙	2	1	0	283					1	0	272	3	2	95	1508	3													0	9	5	25	105	36	0	1
129	九转逍遥丹（身根）乙	2	1	0	284					1	0	273	3	2	95	1508	3													0	9	5	25	105	36	0	1
130	九转逍遥丹（身洞）乙	2	1	0	285					1	0	274	3	2	95	1508	3													0	9	5	25	105	36	0	1
131	九转逍遥丹（洞根）乙	2	1	0	286					1	0	275	3	2	95	1508	3													0	9	5	25	105	36	0	1
132																																					
133																																					
134																																					
135																																					
136																																					
137																																					
138																																					
139																																					
140																																					
141	窝头	3	1	1	1																									0	1	1	0	301	36	0	1
142	军用物资	3	2	97	1					2	0	307	15																	0	1	0	0	301	36	0	1
143	黑钨精石	3	2	2	66					2	2	37	20	2	8	7	5													0	1	0	0	301	36	0	1
144	铁线精木	3	2	2	67					2	2	11	20	2	10	2	5													0	1	0	0	301	36	0	1
145	山狮精皮	3	2	2	68					2	2	47	20	2	9	7	5													0	1	0	0	301	36	0	1
146	赤钨灵符	3	2	2	69					2	1	912	5	2	2	14	5													0	1	0	0	301	36	0	1
147	钢锭	3	2	131	62					2	8	5	2	2	2	2	2	2	2	1	2	2	2	59	1					0	2	3	3	302	36	0	1
148	精铁锭	3	2	131	14					2	2	2	4	2	2	42	4	2	131	62	2	2	2	59	10					1	2	5	5	302	180	0	1
149	紫金锭	3	2	131	15					2	2	3	4	2	2	43	4	2	131	62	2	2	2	59	10					1	2	5	5	302	180	0	1
150	寒碧铁	3	2	131	77					2	2	4	2	2	2	5	1	2	2	6	1	2	2	60	2					0	5	3	10	303	36	0	1
151	茅山玉佩	3	2	131	16	2	131	17	20	2	2	36	4	2	131	77	4	2	2	32	4	2	2	60	10					1	5	12	40	303	360	0	1
152	连衡谱	3	2	2	27	2	2	57	25	2	2	10	2	2	2	45	2	2	2	31	1	2	2	60	2					0	5	3	10	303	36	0	1
153	精钢锭	3	2	131	63					2	2	38	2	2	2	37	2	2	2	27	1	2	2	61	2					0	7	5	20	304	36	0	1
154	天宝馨宜指环	3	2	131	19	2	131	20	20	2	2	39	4	2	2	12	4	2	2	57	1	2	2	61	10					1	7	20	80	304	180	0	1
155	玉钢	3	2	131	22					2	8	7	2	2	131	63	2	2	2	58	1	2	2	61	2					0	7	10	40	304	36	0	1
156	精炼黑金	3	2	2	468					2	2	37	1	2	2	59	10	2	2	60	4	2	2	61	4					0	7	5	20	304	36	0	1
157	千锤	3	2	114	76					2	130	16	4	2	131	22	4	2	7	3	4	2	2	468	10					1	9	20	40	305	180	0	1
158	百炼	3	2	114	55					2	2	40	4	2	130	16	4	2	131	22	4	2	2	468	10					1	9	20	40	305	180	0	1
159	本如法师之法华刀	3	0	3	140					2	2	58	100	2	131	22	300	2	2	108	2	2	102	165	10					1	9	50	0	305	180	0	1
160	本如法师之法华刀	3	0	3	141					2	2	58	100	2	131	22	300	2	2	108	2	2	102	165	10					1	9	50	0	305	180	0	1
161	大慧禅师之无心杖	3	0	8	142					2	2	58	100	2	131	22	300	2	2	108	2	2	102	165	10					1	9	50	0	305	180	0	1
162	大慧禅师之无心杖	3	0	8	143					2	2	58	100	2	131	22	300	2	2	108	2	2	102	165	10					1	9	50	0	305	180	0	1
163	青灯法师之离俗手	3	0	0	144					2	2	58	100	2	131	22	300	2	2	108	2	2	102	165	10					1	9	50	0	305	180	0	1
164	青灯法师之离俗手	3	0	0	145					2	2	58	100	2	131	22	300	2	2	108	2	2	102	165	10					1	9	50	0	305	180	0	1
165	千机隐士之漆身暗器	3	0	1	146					2	2	58	100	2	131	22	300	2	2	108	2	2	102	165	10					1	9	50	0	305	180	0	1
166	千机隐士之漆身暗器	3	0	1	147					2	2	58	100	2	131	22	300	2	2	108	2	2	102	165	10					1	9	50	0	305	180	0	1
167	千机隐士之漆身暗器	3	0	1	148					2	2	58	100	2	131	22	300	2	2	108	2	2	102	165	10					1	9	50	0	305	180	0	1
168	千机隐士之漆身暗器	3	0	1	149					2	2	58	100	2	131	22	300	2	2	108	2	2	102	165	10					1	9	50	0	305	180	0	1
169	昙彻尼之幽隐剑	3	0	2	150					2	2	58	100	2	131	22	300	2	2	108	2	2	102	165	10					1	9	50	0	305	180	0	1
170	昙彻尼之幽隐剑	3	0	2	151					2	2	58	100	2	131	22	300	2	2	108	2	2	102	165	10					1	9	50	0	305	180	0	1
171	古琴圣之绕梁琴	3	0	10	152					2	2	58	100	2	131	22	300	2	2	108	2	2	102	165	10					1	9	50	0	305	180	0	1
172	古琴圣之绕梁琴	3	0	10	153					2	2	58	100	2	131	22	300	2	2	108	2	2	102	165	10					1	9	50	0	305	180	0	1
173	传功长老之四海手	3	0	0	154					2	2	58	100	2	131	22	300	2	2	108	2	2	102	165	10					1	9	50	0	305	180	0	1
174	传功长老之四海手	3	0	0	155					2	2	58	100	2	131	22	300	2	2	108	2	2	102	165	10					1	9	50	0	305	180	0	1
175	传功长老之四海手	3	0	0	156					2	2	58	100	2	131	22	300	2	2	108	2	2	102	165	10					1	9	50	0	305	180	0	1
176	传功长老之四海手	3	0	0	157					2	2	58	100	2	131	22	300	2	2	108	2	2	102	165	10					1	9	50	0	305	180	0	1
177	掌钵长老之穷楼棍	3	0	5	158					2	2	58	100	2	131	22	300	2	2	108	2	2	102	165	10					1	9	50	0	305	180	0	1
178	掌钵长老之穷楼棍	3	0	5	159					2	2	58	100	2	131	22	300	2	2	108	2	2	102	165	10					1	9	50	0	305	180	0	1
179	掌钵长老之穷楼棍	3	0	5	160					2	2	58	100	2	131	22	300	2	2	108	2	2	102	165	10					1	9	50	0	305	180	0	1
180	掌钵长老之穷楼棍	3	0	5	161					2	2	58	100	2	131	22	300	2	2	108	2	2	102	165	10					1	9	50	0	305	180	0	1
181	太清真人之道德剑	3	0	2	162					2	2	58	100	2	131	22	300	2	2	108	2	2	102	165	10					1	9	50	0	305	180	0	1
182	太清真人之道德剑	3	0	2	163					2	2	58	100	2	131	22	300	2	2	108	2	2	102	165	10					1	9	50	0	305	180	0	1
183	太清真人之道德剑	3	0	2	164					2	2	58	100	2	131	22	300	2	2	108	2	2	102	165	10					1	9	50	0	305	180	0	1
184	太清真人之道德剑	3	0	2	165					2	2	58	100	2	131	22	300	2	2	108	2	2	102	165	10					1	9	50	0	305	180	0	1
185	通天教主之诛仙笔	3	0	9	166					2	2	58	100	2	131	22	300	2	2	108	2	2	102	165	10					1	9	50	0	305	180	0	1
186	通天教主之诛仙笔	3	0	9	167					2	2	58	100	2	131	22	300	2	2	108	2	2	102	165	10					1	9	50	0	305	180	0	1
187	通天教主之诛仙笔	3	0	9	168					2	2	58	100	2	131	22	300	2	2	108	2	2	102	165	10					1	9	50	0	305	180	0	1
188	通天教主之诛仙笔	3	0	9	169					2	2	58	100	2	131	22	300	2	2	108	2	2	102	165	10					1	9	50	0	305	180	0	1
189	征南元帅之龙神枪	3	0	6	170					2	2	58	100	2	131	22	300	2	2	108	2	2	102	165	10					1	9	50	0	305	180	0	1
190	征南元帅之龙神枪	3	0	6	171					2	2	58	100	2	131	22	300	2	2	108	2	2	102	165	10					1	9	50	0	305	180	0	1
191	征南元帅之龙神枪	3	0	6	172					2	2	58	100	2	131	22	300	2	2	108	2	2	102	165	10					1	9	50	0	305	180	0	1
192	征南元帅之龙神枪	3	0	6	173					2	2	58	100	2	131	22	300	2	2	108	2	2	102	165	10					1	9	50	0	305	180	0	1
193	镇北元帅之虞候弓	3	0	4	174					2	2	58	100	2	131	22	300	2	2	108	2	2	102	165	10					1	9	50	0	305	180	0	1
194	镇北元帅之虞候弓	3	0	4	175					2	2	58	100	2	131	22	300	2	2	108	2	2	102	165	10					1	9	50	0	305	180	0	1
195	镇北元帅之虞候弓	3	0	4	176					2	2	58	100	2	131	22	300	2	2	108	2	2	102	165	10					1	9	50	0	305	180	0	1
196	镇北元帅之虞候弓	3	0	4	177					2	2	58	100	2	131	22	300	2	2	108	2	2	102	165	10					1	9	50	0	305	180	0	1
197	吞月尊者之贪狼双刀	3	0	7	178					2	2	58	100	2	131	22	300	2	2	108	2	2	102	165	10					1	9	50	0	305	180	0	1
198	吞月尊者之贪狼双刀	3	0	7	179					2	2	58	100	2	131	22	300	2	2	108	2	2	102	165	10					1	9	50	0	305	180	0	1
199	吞月尊者之贪狼双刀	3	0	7	180					2	2	58	100	2	131	22	300	2	2	108	2	2	102	165	10					1	9	50	0	305	180	0	1
200	吞月尊者之贪狼双刀	3	0	7	181					2	2	58	100	2	131	22	300	2	2	108	2	2	102	165	10					1	9	50	0	305	180	0	1
201	蛊王尊者之百足爪	3	0	11	182					2	2	58	100	2	131	22	300	2	2	108	2	2	102	165	10					1	9	50	0	305	180	0	1
202	蛊王尊者之百足爪	3	0	11	183					2	2	58	100	2	131	22	300	2	2	108	2	2	102	165	10					1	9	50	0	305	180	0	1
203	蛊王尊者之百足爪	3	0	11	184					2	2	58	100	2	131	22	300	2	2	108	2	2	102	165	10					1	9	50	0	305	180	0	1
204	蛊王尊者之百足爪	3	0	11	185					2	2	58	100	2	131	22	300	2	2	108	2	2	102	165	10					1	9	50	0	305	180	0	1
205	龙虎真人之正一剑	3	0	2	186					2	2	58	100	2	131	22	300	2	2	108	2	2	102	165	10					1	9	50	0	305	180	0	1
206	龙虎真人之正一剑	3	0	2	187					2	2	58	100	2	131	22	300	2	2	108	2	2	102	165	10					1	9	50	0	305	180	0	1
207	大明尊者之寂灭刀	3	0	3	188					2	2	58	100	2	131	22	300	2	2	108	2	2	102	165	10					1	9	50	0	305	180	0	1
208	大明尊者之寂灭刀	3	0	3	189					2	2	58	100	2	131	22	300	2	2	108	2	2	102	165	10					1	9	50	0	305	180	0	1
209	大明尊者之寂灭刀	3	0	3	190					2	2	58	100	2	131	22	300	2	2	108	2	2	102	165	10					1	9	50	0	305	180	0	1
210	大明尊者之寂灭刀	3	0	3	191					2	2	58	100	2	131	22	300	2	2	108	2	2	102	165	10					1	9	50	0	305	180	0	1
211	护法尊者之出阵笔	3	0	9	192					2	2	58	100	2	131	22	300	2	2	108	2	2	102	165	10					1	9	50	0	305	180	0	1
212	护法尊者之出阵笔	3	0	9	193					2	2	58	100	2	131	22	300	2	2	108	2	2	102	165	10					1	9	50	0	305	180	0	1
213	护法尊者之出阵笔	3	0	9	194					2	2	58	100	2	131	22	300	2	2	108	2	2	102	165	10					1	9	50	0	305	180	0	1
214	护法尊者之出阵笔	3	0	9	195					2	2	58	100	2	131	22	300	2	2	108	2	2	102	165	10					1	9	50	0	305	180	0	1
215	摩尼尊者之四果爪	3	0	11	196					2	2	58	100	2	131	22	300	2	2	108	2	2	102	165	10					1	9	50	0	305	180	0	1
216	摩尼尊者之四果爪	3	0	11	197					2	2	58	100	2	131	22	300	2	2	108	2	2	102	165	10					1	9	50	0	305	180	0	1
217	摩尼尊者之四果爪	3	0	11	198					2	2	58	100	2	131	22	300	2	2	108	2	2	102	165	10					1	9	50	0	305	180	0	1
218	摩尼尊者之四果爪	3	0	11	199					2	2	58	100	2	131	22	300	2	2	108	2	2	102	165	10					1	9	50	0	305	180	0	1
219	天香仙子之芙蓉枝	3	0	13	200					2	2	58	100	2	131	22	300	2	2	108	2	2	102	165	10					1	9	50	0	305	180	0	1
220	天香仙子之芙蓉枝	3	0	13	201					2	2	58	100	2	131	22	300	2	2	108	2	2	102	165	10					1	9	50	0	305	180	0	1
221	翠微仙子之绿竹笛	3	0	12	202					2	2	58	100	2	131	22	300	2	2	108	2	2	102	165	10					1	9	50	0	305	180	0	1
222	翠微仙子之绿竹笛	3	0	12	203					2	2	58	100	2	131	22	300	2	2	108	2	2	102	165	10					1	9	50	0	305	180	0	1
223	惭恩客之斩衣双匕	3	0	14	204					2	2	58	100	2	131	22	300	2	2	108	2	2	102	165	10					1	9	50	0	305	180	0	1
224	惭恩客之斩衣双匕	3	0	14	205					2	2	58	100	2	131	22	300	2	2	108	2	2	102	165	10					1	9	50	0	305	180	0	1
225	惭恩客之斩衣双匕	3	0	14	206					2	2	58	100	2	131	22	300	2	2	108	2	2	102	165	10					1	9	50	0	305	180	0	1
226	惭恩客之斩衣双匕	3	0	14	207					2	2	58	100	2	131	22	300	2	2	108	2	2	102	165	10					1	9	50	0	305	180	0	1
227	浣剑真人之御心剑	3	0	2	208					2	2	58	100	2	131	22	300	2	2	108	2	2	102	165	10					1	9	50	0	305	180	0	1
228	浣剑真人之御心剑	3	0	2	209					2	2	58	100	2	131	22	300	2	2	108	2	2	102	165	10					1	9	50	0	305	180	0	1
229																																					
230																																					
231																																					
232																																					
233																																					
234																																					
235																																					
236																																					
237																																					
238																																					
239																																					
240																																					
241	窝头	4	1	1	1																									0	1	1	0	401	36	0	1
242	军用物资	4	2	97	1					2	0	307	15																	0	1	0	0	401	36	0	1
243	黑钨精石	4	2	2	66					2	2	37	20	2	8	7	5													0	1	0	0	401	36	0	1
244	铁线精木	4	2	2	67					2	2	11	20	2	10	2	5													0	1	0	0	401	36	0	1
245	山狮精皮	4	2	2	68					2	2	47	20	2	9	7	5													0	1	0	0	401	36	0	1
246	赤钨灵符	4	2	2	69					2	1	912	5	2	2	14	5													0	1	0	0	401	36	0	1
247	普通皮革	4	2	131	78					2	2	16	2	2	2	15	2	2	9	1	2	2	2	63	2					0	2	1	1	402	36	0	1
248	麻布	4	2	131	23					1	3	9	2	2	9	2	2	2	9	3	2	2	2	63	2					1	2	5	5	402	180	0	1
249	精致皮革	4	2	131	79					2	131	78	1	2	2	46	2	2	2	17	2	2	2	62	2					0	5	6	20	403	36	0	1
250	帛绢	4	2	131	80					2	10	7	2	2	2	53	2	2	2	55	1	2	2	62	2					0	5	6	20	403	36	0	1
251	绢素	4	2	131	24	2	131	25	20	2	2	52	2	2	2	54	2	2	131	80	1	2	2	62	2					0	5	6	20	403	36	0	1
252	手绢	4	2	131	27	2	131	28	20	2	2	53	4	2	2	55	4	2	131	24	1	2	2	62	2					1	5	12	40	403	180	0	1
253	彻侯巾	4	2	131	74					2	9	5	4	2	2	56	4	2	2	49	4	2	2	64	10					0	7	50	200	404	90	0	1
254	彻侯衣	4	2	131	75					2	10	2	4	2	9	6	4	2	2	50	4	2	2	64	10					0	7	50	200	404	90	0	1
255	彻侯袍	4	2	131	76					2	2	47	4	2	9	7	4	2	2	100	4	2	2	64	10					0	7	50	200	404	90	0	1
256	绢素锦囊	4	2	131	30					2	2	49	4	2	9	6	4	2	131	25	1	2	2	64	10					1	7	5	20	404	180	0	1
257	绿荷锦囊	4	2	131	31					2	2	50	6	2	9	7	4	2	131	26	1	2	2	64	10					1	7	10	40	404	180	0	1
258	流苏	4	2	131	32	2	131	33	20	2	2	49	4	2	2	100	4	2	131	79	1	2	2	64	2					0	7	5	20	404	36	0	1
259	绣球	4	2	131	59					2	10	3	1	2	2	109	1	2	131	32	1	2	2	64	5					1	9	20	40	405	180	0	1
260	翡翠锦囊	4	2	131	60					2	2	48	2	2	2	109	2	2	131	33	2	2	2	64	5					1	9	20	40	405	180	0	1
261	本如法师之法华帽	4	0	103	22582					2	131	74	20	2	131	33	50	2	130	23	1	2	130	15	10					1	9	50	0	405	180	0	1
262	本如法师之法华帽	4	0	103	22583					2	131	74	20	2	131	33	50	2	130	23	1	2	130	15	10					1	9	50	0	405	180	0	1
263	大慧禅师之无心帽	4	0	103	22584					2	131	74	20	2	131	33	50	2	130	23	1	2	130	15	10					1	9	50	0	405	180	0	1
264	大慧禅师之无心帽	4	0	103	22585					2	131	74	20	2	131	33	50	2	130	23	1	2	130	15	10					1	9	50	0	405	180	0	1
265	青灯法师之离俗帽	4	0	103	22586					2	131	74	20	2	131	33	50	2	130	23	1	2	130	15	10					1	9	50	0	405	180	0	1
266	青灯法师之离俗帽	4	0	103	22587					2	131	74	20	2	131	33	50	2	130	23	1	2	130	15	10					1	9	50	0	405	180	0	1
267	千机隐士之漆身帽	4	0	103	22588					2	131	74	20	2	131	33	50	2	130	23	1	2	130	15	10					1	9	50	0	405	180	0	1
268	千机隐士之漆身帽	4	0	103	22589					2	131	74	20	2	131	33	50	2	130	23	1	2	130	15	10					1	9	50	0	405	180	0	1
269	千机隐士之漆身帽	4	0	103	22590					2	131	74	20	2	131	34	50	2	130	23	1	2	130	15	10					1	9	50	0	405	180	0	1
270	千机隐士之漆身帽	4	0	103	22591					2	131	74	20	2	131	34	50	2	130	23	1	2	130	15	10					1	9	50	0	405	180	0	1
271	昙彻尼之幽隐帽	4	0	103	22592					2	131	74	20	2	131	34	50	2	130	23	1	2	130	15	10					1	9	50	0	405	180	0	1
272	昙彻尼之幽隐帽	4	0	103	22593					2	131	74	20	2	131	34	50	2	130	23	1	2	130	15	10					1	9	50	0	405	180	0	1
273	古琴圣之绕梁帽	4	0	103	22594					2	131	74	20	2	131	34	50	2	130	23	1	2	130	15	10					1	9	50	0	405	180	0	1
274	古琴圣之绕梁帽	4	0	103	22595					2	131	74	20	2	131	34	50	2	130	23	1	2	130	15	10					1	9	50	0	405	180	0	1
275	传功长老之四海巾	4	0	103	22596					2	131	74	20	2	131	33	50	2	130	23	1	2	130	15	10					1	9	50	0	405	180	0	1
276	传功长老之四海巾	4	0	103	22597					2	131	74	20	2	131	33	50	2	130	23	1	2	130	15	10					1	9	50	0	405	180	0	1
277	传功长老之四海巾	4	0	103	22598					2	131	74	20	2	131	34	50	2	130	23	1	2	130	15	10					1	9	50	0	405	180	0	1
278	传功长老之四海巾	4	0	103	22599					2	131	74	20	2	131	34	50	2	130	23	1	2	130	15	10					1	9	50	0	405	180	0	1
279	掌钵长老之穷楼巾	4	0	103	22600					2	131	74	20	2	131	33	50	2	130	23	1	2	130	15	10					1	9	50	0	405	180	0	1
280	掌钵长老之穷楼巾	4	0	103	22601					2	131	74	20	2	131	33	50	2	130	23	1	2	130	15	10					1	9	50	0	405	180	0	1
281	掌钵长老之穷楼巾	4	0	103	22602					2	131	74	20	2	131	34	50	2	130	23	1	2	130	15	10					1	9	50	0	405	180	0	1
282	掌钵长老之穷楼巾	4	0	103	22603					2	131	74	20	2	131	34	50	2	130	23	1	2	130	15	10					1	9	50	0	405	180	0	1
283	太清真人之道德冠	4	0	103	22604					2	131	74	20	2	131	33	50	2	130	23	1	2	130	15	10					1	9	50	0	405	180	0	1
284	太清真人之道德冠	4	0	103	22605					2	131	74	20	2	131	33	50	2	130	23	1	2	130	15	10					1	9	50	0	405	180	0	1
285	太清真人之道德冠	4	0	103	22606					2	131	74	20	2	131	34	50	2	130	23	1	2	130	15	10					1	9	50	0	405	180	0	1
286	太清真人之道德冠	4	0	103	22607					2	131	74	20	2	131	34	50	2	130	23	1	2	130	15	10					1	9	50	0	405	180	0	1
287	通天教主之诛仙冠	4	0	103	22608					2	131	74	20	2	131	33	50	2	130	23	1	2	130	15	10					1	9	50	0	405	180	0	1
288	通天教主之诛仙冠	4	0	103	22609					2	131	74	20	2	131	33	50	2	130	23	1	2	130	15	10					1	9	50	0	405	180	0	1
289	通天教主之诛仙冠	4	0	103	22610					2	131	74	20	2	131	34	50	2	130	23	1	2	130	15	10					1	9	50	0	405	180	0	1
290	通天教主之诛仙冠	4	0	103	22611					2	131	74	20	2	131	34	50	2	130	23	1	2	130	15	10					1	9	50	0	405	180	0	1
291	征南元帅之龙神盔	4	0	103	22612					2	131	74	20	2	131	33	50	2	130	23	1	2	130	15	10					1	9	50	0	405	180	0	1
292	征南元帅之龙神盔	4	0	103	22613					2	131	74	20	2	131	33	50	2	130	23	1	2	130	15	10					1	9	50	0	405	180	0	1
293	征南元帅之龙神盔	4	0	103	22614					2	131	74	20	2	131	34	50	2	130	23	1	2	130	15	10					1	9	50	0	405	180	0	1
294	征南元帅之龙神盔	4	0	103	22615					2	131	74	20	2	131	34	50	2	130	23	1	2	130	15	10					1	9	50	0	405	180	0	1
295	镇北元帅之虞候盔	4	0	103	22616					2	131	74	20	2	131	33	50	2	130	23	1	2	130	15	10					1	9	50	0	405	180	0	1
296	镇北元帅之虞候盔	4	0	103	22617					2	131	74	20	2	131	33	50	2	130	23	1	2	130	15	10					1	9	50	0	405	180	0	1
297	镇北元帅之虞候盔	4	0	103	22618					2	131	74	20	2	131	34	50	2	130	23	1	2	130	15	10					1	9	50	0	405	180	0	1
298	镇北元帅之虞候盔	4	0	103	22619					2	131	74	20	2	131	34	50	2	130	23	1	2	130	15	10					1	9	50	0	405	180	0	1
299	吞月尊者之贪狼帽	4	0	103	22620					2	131	74	20	2	131	33	50	2	130	23	1	2	130	15	10					1	9	50	0	405	180	0	1
300	吞月尊者之贪狼帽	4	0	103	22621					2	131	74	20	2	131	33	50	2	130	23	1	2	130	15	10					1	9	50	0	405	180	0	1
301	吞月尊者之贪狼帽	4	0	103	22622					2	131	74	20	2	131	34	50	2	130	23	1	2	130	15	10					1	9	50	0	405	180	0	1
302	吞月尊者之贪狼帽	4	0	103	22623					2	131	74	20	2	131	34	50	2	130	23	1	2	130	15	10					1	9	50	0	405	180	0	1
303	蛊王尊者之百足巾	4	0	103	22624					2	131	74	20	2	131	33	50	2	130	23	1	2	130	15	10					1	9	50	0	405	180	0	1
304	蛊王尊者之百足巾	4	0	103	22625					2	131	74	20	2	131	33	50	2	130	23	1	2	130	15	10					1	9	50	0	405	180	0	1
305	蛊王尊者之百足巾	4	0	103	22626					2	131	74	20	2	131	34	50	2	130	23	1	2	130	15	10					1	9	50	0	405	180	0	1
306	蛊王尊者之百足巾	4	0	103	22627					2	131	74	20	2	131	34	50	2	130	23	1	2	130	15	10					1	9	50	0	405	180	0	1
307	龙虎真人之正一冠	4	0	103	22628					2	131	74	20	2	131	34	50	2	130	23	1	2	130	15	10					1	9	50	0	405	180	0	1
308	龙虎真人之正一冠	4	0	103	22629					2	131	74	20	2	131	34	50	2	130	23	1	2	130	15	10					1	9	50	0	405	180	0	1
309	大明尊者之寂灭冠	4	0	103	22630					2	131	74	20	2	131	33	50	2	130	23	1	2	130	15	10					1	9	50	0	405	180	0	1
310	大明尊者之寂灭冠	4	0	103	22631					2	131	74	20	2	131	33	50	2	130	23	1	2	130	15	10					1	9	50	0	405	180	0	1
311	大明尊者之寂灭冠	4	0	103	22632					2	131	74	20	2	131	34	50	2	130	23	1	2	130	15	10					1	9	50	0	405	180	0	1
312	大明尊者之寂灭冠	4	0	103	22633					2	131	74	20	2	131	34	50	2	130	23	1	2	130	15	10					1	9	50	0	405	180	0	1
313	护法尊者之出阵冠	4	0	103	22634					2	131	74	20	2	131	33	50	2	130	23	1	2	130	15	10					1	9	50	0	405	180	0	1
314	护法尊者之出阵冠	4	0	103	22635					2	131	74	20	2	131	33	50	2	130	23	1	2	130	15	10					1	9	50	0	405	180	0	1
315	护法尊者之出阵冠	4	0	103	22636					2	131	74	20	2	131	34	50	2	130	23	1	2	130	15	10					1	9	50	0	405	180	0	1
316	护法尊者之出阵冠	4	0	103	22637					2	131	74	20	2	131	34	50	2	130	23	1	2	130	15	10					1	9	50	0	405	180	0	1
317	摩尼尊者之四果冠	4	0	103	22638					2	131	74	20	2	131	33	50	2	130	23	1	2	130	15	10					1	9	50	0	405	180	0	1
318	摩尼尊者之四果冠	4	0	103	22639					2	131	74	20	2	131	33	50	2	130	23	1	2	130	15	10					1	9	50	0	405	180	0	1
319	摩尼尊者之四果冠	4	0	103	22640					2	131	74	20	2	131	34	50	2	130	23	1	2	130	15	10					1	9	50	0	405	180	0	1
320	摩尼尊者之四果冠	4	0	103	22641					2	131	74	20	2	131	34	50	2	130	23	1	2	130	15	10					1	9	50	0	405	180	0	1
321	翠微仙子之绿竹簪	4	0	103	22642					2	131	74	20	2	131	34	50	2	130	23	1	2	130	15	10					1	9	50	0	405	180	0	1
322	翠微仙子之绿竹簪	4	0	103	22643					2	131	74	20	2	131	34	50	2	130	23	1	2	130	15	10					1	9	50	0	405	180	0	1
323	天香仙子之芙蓉簪	4	0	103	22644					2	131	74	20	2	131	34	50	2	130	23	1	2	130	15	10					1	9	50	0	405	180	0	1
324	天香仙子之芙蓉簪	4	0	103	22645					2	131	74	20	2	131	34	50	2	130	23	1	2	130	15	10					1	9	50	0	405	180	0	1
325	惭恩客之斩衣冠	4	0	103	22646					2	131	74	20	2	131	33	50	2	130	23	1	2	130	15	10					1	9	50	0	405	180	0	1
326	惭恩客之斩衣冠	4	0	103	22647					2	131	74	20	2	131	33	50	2	130	23	1	2	130	15	10					1	9	50	0	405	180	0	1
327	惭恩客之斩衣冠	4	0	103	22648					2	131	74	20	2	131	34	50	2	130	23	1	2	130	15	10					1	9	50	0	405	180	0	1
328	惭恩客之斩衣冠	4	0	103	22649					2	131	74	20	2	131	34	50	2	130	23	1	2	130	15	10					1	9	50	0	405	180	0	1
329	浣剑真人之御心冠	4	0	103	22650					2	131	74	20	2	131	34	50	2	130	23	1	2	130	15	10					1	9	50	0	405	180	0	1
330	浣剑真人之御心冠	4	0	103	22651					2	131	74	20	2	131	34	50	2	130	23	1	2	130	15	10					1	9	50	0	405	180	0	1
331	本如法师之法华衣	4	0	100	22582					2	131	75	20	2	131	33	50	2	130	23	1	2	130	15	10					1	9	50	0	405	180	0	1
332	本如法师之法华衣	4	0	100	22583					2	131	75	20	2	131	33	50	2	130	23	1	2	130	15	10					1	9	50	0	405	180	0	1
333	大慧禅师之无心衣	4	0	100	22584					2	131	75	20	2	131	33	50	2	130	23	1	2	130	15	10					1	9	50	0	405	180	0	1
334	大慧禅师之无心衣	4	0	100	22585					2	131	75	20	2	131	33	50	2	130	23	1	2	130	15	10					1	9	50	0	405	180	0	1
335	青灯法师之离俗衣	4	0	100	22586					2	131	75	20	2	131	33	50	2	130	23	1	2	130	15	10					1	9	50	0	405	180	0	1
336	青灯法师之离俗衣	4	0	100	22587					2	131	75	20	2	131	33	50	2	130	23	1	2	130	15	10					1	9	50	0	405	180	0	1
337	千机隐士之漆身衣	4	0	100	22588					2	131	75	20	2	131	33	50	2	130	23	1	2	130	15	10					1	9	50	0	405	180	0	1
338	千机隐士之漆身衣	4	0	100	22589					2	131	75	20	2	131	33	50	2	130	23	1	2	130	15	10					1	9	50	0	405	180	0	1
339	千机隐士之漆身衣	4	0	100	22590					2	131	75	20	2	131	34	50	2	130	23	1	2	130	15	10					1	9	50	0	405	180	0	1
340	千机隐士之漆身衣	4	0	100	22591					2	131	75	20	2	131	34	50	2	130	23	1	2	130	15	10					1	9	50	0	405	180	0	1
341	昙彻尼之幽隐衣	4	0	100	22592					2	131	75	20	2	131	34	50	2	130	23	1	2	130	15	10					1	9	50	0	405	180	0	1
342	昙彻尼之幽隐衣	4	0	100	22593					2	131	75	20	2	131	34	50	2	130	23	1	2	130	15	10					1	9	50	0	405	180	0	1
343	古琴圣之绕梁衣	4	0	100	22594					2	131	75	20	2	131	34	50	2	130	23	1	2	130	15	10					1	9	50	0	405	180	0	1
344	古琴圣之绕梁衣	4	0	100	22595					2	131	75	20	2	131	34	50	2	130	23	1	2	130	15	10					1	9	50	0	405	180	0	1
345	传功长老之四海衣	4	0	100	22596					2	131	75	20	2	131	33	50	2	130	23	1	2	130	15	10					1	9	50	0	405	180	0	1
346	传功长老之四海衣	4	0	100	22597					2	131	75	20	2	131	33	50	2	130	23	1	2	130	15	10					1	9	50	0	405	180	0	1
347	传功长老之四海衣	4	0	100	22598					2	131	75	20	2	131	34	50	2	130	23	1	2	130	15	10					1	9	50	0	405	180	0	1
348	传功长老之四海衣	4	0	100	22599					2	131	75	20	2	131	34	50	2	130	23	1	2	130	15	10					1	9	50	0	405	180	0	1
349	掌钵长老之穷楼衣	4	0	100	22600					2	131	75	20	2	131	33	50	2	130	23	1	2	130	15	10					1	9	50	0	405	180	0	1
350	掌钵长老之穷楼衣	4	0	100	22601					2	131	75	20	2	131	33	50	2	130	23	1	2	130	15	10					1	9	50	0	405	180	0	1
351	掌钵长老之穷楼衣	4	0	100	22602					2	131	75	20	2	131	34	50	2	130	23	1	2	130	15	10					1	9	50	0	405	180	0	1
352	掌钵长老之穷楼衣	4	0	100	22603					2	131	75	20	2	131	34	50	2	130	23	1	2	130	15	10					1	9	50	0	405	180	0	1
353	太清真人之道德衣	4	0	100	22604					2	131	75	20	2	131	33	50	2	130	23	1	2	130	15	10					1	9	50	0	405	180	0	1
354	太清真人之道德衣	4	0	100	22605					2	131	75	20	2	131	33	50	2	130	23	1	2	130	15	10					1	9	50	0	405	180	0	1
355	太清真人之道德衣	4	0	100	22606					2	131	75	20	2	131	34	50	2	130	23	1	2	130	15	10					1	9	50	0	405	180	0	1
356	太清真人之道德衣	4	0	100	22607					2	131	75	20	2	131	34	50	2	130	23	1	2	130	15	10					1	9	50	0	405	180	0	1
357	通天教主之诛仙衣	4	0	100	22608					2	131	75	20	2	131	33	50	2	130	23	1	2	130	15	10					1	9	50	0	405	180	0	1
358	通天教主之诛仙衣	4	0	100	22609					2	131	75	20	2	131	33	50	2	130	23	1	2	130	15	10					1	9	50	0	405	180	0	1
359	通天教主之诛仙衣	4	0	100	22610					2	131	75	20	2	131	34	50	2	130	23	1	2	130	15	10					1	9	50	0	405	180	0	1
360	通天教主之诛仙衣	4	0	100	22611					2	131	75	20	2	131	34	50	2	130	23	1	2	130	15	10					1	9	50	0	405	180	0	1
361	征南元帅之龙神甲	4	0	100	22612					2	131	75	20	2	131	33	50	2	130	23	1	2	130	15	10					1	9	50	0	405	180	0	1
362	征南元帅之龙神甲	4	0	100	22613					2	131	75	20	2	131	33	50	2	130	23	1	2	130	15	10					1	9	50	0	405	180	0	1
363	征南元帅之龙神甲	4	0	100	22614					2	131	75	20	2	131	34	50	2	130	23	1	2	130	15	10					1	9	50	0	405	180	0	1
364	征南元帅之龙神甲	4	0	100	22615					2	131	75	20	2	131	34	50	2	130	23	1	2	130	15	10					1	9	50	0	405	180	0	1
365	镇北元帅之虞候甲	4	0	100	22616					2	131	75	20	2	131	33	50	2	130	23	1	2	130	15	10					1	9	50	0	405	180	0	1
366	镇北元帅之虞候甲	4	0	100	22617					2	131	75	20	2	131	33	50	2	130	23	1	2	130	15	10					1	9	50	0	405	180	0	1
367	镇北元帅之虞候甲	4	0	100	22618					2	131	75	20	2	131	34	50	2	130	23	1	2	130	15	10					1	9	50	0	405	180	0	1
368	镇北元帅之虞候甲	4	0	100	22619					2	131	75	20	2	131	34	50	2	130	23	1	2	130	15	10					1	9	50	0	405	180	0	1
369	吞月尊者之贪狼衣	4	0	100	22620					2	131	75	20	2	131	33	50	2	130	23	1	2	130	15	10					1	9	50	0	405	180	0	1
370	吞月尊者之贪狼衣	4	0	100	22621					2	131	75	20	2	131	33	50	2	130	23	1	2	130	15	10					1	9	50	0	405	180	0	1
371	吞月尊者之贪狼衣	4	0	100	22622					2	131	75	20	2	131	34	50	2	130	23	1	2	130	15	10					1	9	50	0	405	180	0	1
372	吞月尊者之贪狼衣	4	0	100	22623					2	131	75	20	2	131	34	50	2	130	23	1	2	130	15	10					1	9	50	0	405	180	0	1
373	蛊王尊者之百足衣	4	0	100	22624					2	131	75	20	2	131	33	50	2	130	23	1	2	130	15	10					1	9	50	0	405	180	0	1
374	蛊王尊者之百足衣	4	0	100	22625					2	131	75	20	2	131	33	50	2	130	23	1	2	130	15	10					1	9	50	0	405	180	0	1
375	蛊王尊者之百足衣	4	0	100	22626					2	131	75	20	2	131	34	50	2	130	23	1	2	130	15	10					1	9	50	0	405	180	0	1
376	蛊王尊者之百足衣	4	0	100	22627					2	131	75	20	2	131	34	50	2	130	23	1	2	130	15	10					1	9	50	0	405	180	0	1
377	龙虎真人之正一衣	4	0	100	22628					2	131	75	20	2	131	34	50	2	130	23	1	2	130	15	10					1	9	50	0	405	180	0	1
378	龙虎真人之正一衣	4	0	100	22629					2	131	75	20	2	131	34	50	2	130	23	1	2	130	15	10					1	9	50	0	405	180	0	1
379	大明尊者之寂灭衣	4	0	100	22630					2	131	75	20	2	131	33	50	2	130	23	1	2	130	15	10					1	9	50	0	405	180	0	1
380	大明尊者之寂灭衣	4	0	100	22631					2	131	75	20	2	131	33	50	2	130	23	1	2	130	15	10					1	9	50	0	405	180	0	1
381	大明尊者之寂灭衣	4	0	100	22632					2	131	75	20	2	131	34	50	2	130	23	1	2	130	15	10					1	9	50	0	405	180	0	1
382	大明尊者之寂灭衣	4	0	100	22633					2	131	75	20	2	131	34	50	2	130	23	1	2	130	15	10					1	9	50	0	405	180	0	1
383	护法尊者之出阵衣	4	0	100	22634					2	131	75	20	2	131	33	50	2	130	23	1	2	130	15	10					1	9	50	0	405	180	0	1
384	护法尊者之出阵衣	4	0	100	22635					2	131	75	20	2	131	33	50	2	130	23	1	2	130	15	10					1	9	50	0	405	180	0	1
385	护法尊者之出阵衣	4	0	100	22636					2	131	75	20	2	131	34	50	2	130	23	1	2	130	15	10					1	9	50	0	405	180	0	1
386	护法尊者之出阵衣	4	0	100	22637					2	131	75	20	2	131	34	50	2	130	23	1	2	130	15	10					1	9	50	0	405	180	0	1
387	摩尼尊者之四果衣	4	0	100	22638					2	131	75	20	2	131	33	50	2	130	23	1	2	130	15	10					1	9	50	0	405	180	0	1
388	摩尼尊者之四果衣	4	0	100	22639					2	131	75	20	2	131	33	50	2	130	23	1	2	130	15	10					1	9	50	0	405	180	0	1
389	摩尼尊者之四果衣	4	0	100	22640					2	131	75	20	2	131	34	50	2	130	23	1	2	130	15	10					1	9	50	0	405	180	0	1
390	摩尼尊者之四果衣	4	0	100	22641					2	131	75	20	2	131	34	50	2	130	23	1	2	130	15	10					1	9	50	0	405	180	0	1
391	翠微仙子之绿竹衣	4	0	100	22642					2	131	75	20	2	131	34	50	2	130	23	1	2	130	15	10					1	9	50	0	405	180	0	1
392	翠微仙子之绿竹衣	4	0	100	22643					2	131	75	20	2	131	34	50	2	130	23	1	2	130	15	10					1	9	50	0	405	180	0	1
393	天香仙子之芙蓉衣	4	0	100	22644					2	131	75	20	2	131	34	50	2	130	23	1	2	130	15	10					1	9	50	0	405	180	0	1
394	天香仙子之芙蓉衣	4	0	100	22645					2	131	75	20	2	131	34	50	2	130	23	1	2	130	15	10					1	9	50	0	405	180	0	1
395	惭恩客之斩衣装	4	0	100	22646					2	131	75	20	2	131	33	50	2	130	23	1	2	130	15	10					1	9	50	0	405	180	0	1
396	惭恩客之斩衣装	4	0	100	22647					2	131	75	20	2	131	33	50	2	130	23	1	2	130	15	10					1	9	50	0	405	180	0	1
397	惭恩客之斩衣装	4	0	100	22648					2	131	75	20	2	131	34	50	2	130	23	1	2	130	15	10					1	9	50	0	405	180	0	1
398	惭恩客之斩衣装	4	0	100	22649					2	131	75	20	2	131	34	50	2	130	23	1	2	130	15	10					1	9	50	0	405	180	0	1
399	浣剑真人之御心衣	4	0	100	22650					2	131	75	20	2	131	34	50	2	130	23	1	2	130	15	10					1	9	50	0	405	180	0	1
400	浣剑真人之御心衣	4	0	100	22651					2	131	75	20	2	131	34	50	2	130	23	1	2	130	15	10					1	9	50	0	405	180	0	1
401	本如法师之法华装	4	0	101	22582					2	131	76	20	2	131	33	50	2	130	23	1	2	130	15	10					1	9	50	0	405	180	0	1
402	本如法师之法华装	4	0	101	22583					2	131	76	20	2	131	33	50	2	130	23	1	2	130	15	10					1	9	50	0	405	180	0	1
403	大慧禅师之无心装	4	0	101	22584					2	131	76	20	2	131	33	50	2	130	23	1	2	130	15	10					1	9	50	0	405	180	0	1
404	大慧禅师之无心装	4	0	101	22585					2	131	76	20	2	131	33	50	2	130	23	1	2	130	15	10					1	9	50	0	405	180	0	1
405	青灯法师之离俗装	4	0	101	22586					2	131	76	20	2	131	33	50	2	130	23	1	2	130	15	10					1	9	50	0	405	180	0	1
406	青灯法师之离俗装	4	0	101	22587					2	131	76	20	2	131	33	50	2	130	23	1	2	130	15	10					1	9	50	0	405	180	0	1
407	千机隐士之漆身装	4	0	101	22588					2	131	76	20	2	131	33	50	2	130	23	1	2	130	15	10					1	9	50	0	405	180	0	1
408	千机隐士之漆身装	4	0	101	22589					2	131	76	20	2	131	33	50	2	130	23	1	2	130	15	10					1	9	50	0	405	180	0	1
409	千机隐士之漆身装	4	0	101	22590					2	131	76	20	2	131	34	50	2	130	23	1	2	130	15	10					1	9	50	0	405	180	0	1
410	千机隐士之漆身装	4	0	101	22591					2	131	76	20	2	131	34	50	2	130	23	1	2	130	15	10					1	9	50	0	405	180	0	1
411	昙彻尼之幽隐装	4	0	101	22592					2	131	76	20	2	131	34	50	2	130	23	1	2	130	15	10					1	9	50	0	405	180	0	1
412	昙彻尼之幽隐装	4	0	101	22593					2	131	76	20	2	131	34	50	2	130	23	1	2	130	15	10					1	9	50	0	405	180	0	1
413	古琴圣之绕梁装	4	0	101	22594					2	131	76	20	2	131	34	50	2	130	23	1	2	130	15	10					1	9	50	0	405	180	0	1
414	古琴圣之绕梁装	4	0	101	22595					2	131	76	20	2	131	34	50	2	130	23	1	2	130	15	10					1	9	50	0	405	180	0	1
415	传功长老之四海装	4	0	101	22596					2	131	76	20	2	131	33	50	2	130	23	1	2	130	15	10					1	9	50	0	405	180	0	1
416	传功长老之四海装	4	0	101	22597					2	131	76	20	2	131	33	50	2	130	23	1	2	130	15	10					1	9	50	0	405	180	0	1
417	传功长老之四海装	4	0	101	22598					2	131	76	20	2	131	34	50	2	130	23	1	2	130	15	10					1	9	50	0	405	180	0	1
418	传功长老之四海装	4	0	101	22599					2	131	76	20	2	131	34	50	2	130	23	1	2	130	15	10					1	9	50	0	405	180	0	1
419	掌钵长老之穷楼装	4	0	101	22600					2	131	76	20	2	131	33	50	2	130	23	1	2	130	15	10					1	9	50	0	405	180	0	1
420	掌钵长老之穷楼装	4	0	101	22601					2	131	76	20	2	131	33	50	2	130	23	1	2	130	15	10					1	9	50	0	405	180	0	1
421	掌钵长老之穷楼装	4	0	101	22602					2	131	76	20	2	131	34	50	2	130	23	1	2	130	15	10					1	9	50	0	405	180	0	1
422	掌钵长老之穷楼装	4	0	101	22603					2	131	76	20	2	131	34	50	2	130	23	1	2	130	15	10					1	9	50	0	405	180	0	1
423	太清真人之道德装	4	0	101	22604					2	131	76	20	2	131	33	50	2	130	23	1	2	130	15	10					1	9	50	0	405	180	0	1
424	太清真人之道德装	4	0	101	22605					2	131	76	20	2	131	33	50	2	130	23	1	2	130	15	10					1	9	50	0	405	180	0	1
425	太清真人之道德装	4	0	101	22606					2	131	76	20	2	131	34	50	2	130	23	1	2	130	15	10					1	9	50	0	405	180	0	1
426	太清真人之道德装	4	0	101	22607					2	131	76	20	2	131	34	50	2	130	23	1	2	130	15	10					1	9	50	0	405	180	0	1
427	通天教主之诛仙装	4	0	101	22608					2	131	76	20	2	131	33	50	2	130	23	1	2	130	15	10					1	9	50	0	405	180	0	1
428	通天教主之诛仙装	4	0	101	22609					2	131	76	20	2	131	33	50	2	130	23	1	2	130	15	10					1	9	50	0	405	180	0	1
429	通天教主之诛仙装	4	0	101	22610					2	131	76	20	2	131	34	50	2	130	23	1	2	130	15	10					1	9	50	0	405	180	0	1
430	通天教主之诛仙装	4	0	101	22611					2	131	76	20	2	131	34	50	2	130	23	1	2	130	15	10					1	9	50	0	405	180	0	1
431	征南元帅之龙神腿甲	4	0	101	22612					2	131	76	20	2	131	33	50	2	130	23	1	2	130	15	10					1	9	50	0	405	180	0	1
432	征南元帅之龙神腿甲	4	0	101	22613					2	131	76	20	2	131	33	50	2	130	23	1	2	130	15	10					1	9	50	0	405	180	0	1
433	征南元帅之龙神腿甲	4	0	101	22614					2	131	76	20	2	131	34	50	2	130	23	1	2	130	15	10					1	9	50	0	405	180	0	1
434	征南元帅之龙神腿甲	4	0	101	22615					2	131	76	20	2	131	34	50	2	130	23	1	2	130	15	10					1	9	50	0	405	180	0	1
435	镇北元帅之虞候腿甲	4	0	101	22616					2	131	76	20	2	131	33	50	2	130	23	1	2	130	15	10					1	9	50	0	405	180	0	1
436	镇北元帅之虞候腿甲	4	0	101	22617					2	131	76	20	2	131	33	50	2	130	23	1	2	130	15	10					1	9	50	0	405	180	0	1
437	镇北元帅之虞候腿甲	4	0	101	22618					2	131	76	20	2	131	34	50	2	130	23	1	2	130	15	10					1	9	50	0	405	180	0	1
438	镇北元帅之虞候腿甲	4	0	101	22619					2	131	76	20	2	131	34	50	2	130	23	1	2	130	15	10					1	9	50	0	405	180	0	1
439	吞月尊者之贪狼装	4	0	101	22620					2	131	76	20	2	131	33	50	2	130	23	1	2	130	15	10					1	9	50	0	405	180	0	1
440	吞月尊者之贪狼装	4	0	101	22621					2	131	76	20	2	131	33	50	2	130	23	1	2	130	15	10					1	9	50	0	405	180	0	1
441	吞月尊者之贪狼装	4	0	101	22622					2	131	76	20	2	131	34	50	2	130	23	1	2	130	15	10					1	9	50	0	405	180	0	1
442	吞月尊者之贪狼装	4	0	101	22623					2	131	76	20	2	131	34	50	2	130	23	1	2	130	15	10					1	9	50	0	405	180	0	1
443	蛊王尊者之百足装	4	0	101	22624					2	131	76	20	2	131	33	50	2	130	23	1	2	130	15	10					1	9	50	0	405	180	0	1
444	蛊王尊者之百足装	4	0	101	22625					2	131	76	20	2	131	33	50	2	130	23	1	2	130	15	10					1	9	50	0	405	180	0	1
445	蛊王尊者之百足装	4	0	101	22626					2	131	76	20	2	131	34	50	2	130	23	1	2	130	15	10					1	9	50	0	405	180	0	1
446	蛊王尊者之百足装	4	0	101	22627					2	131	76	20	2	131	34	50	2	130	23	1	2	130	15	10					1	9	50	0	405	180	0	1
447	龙虎真人之正一装	4	0	101	22628					2	131	76	20	2	131	34	50	2	130	23	1	2	130	15	10					1	9	50	0	405	180	0	1
448	龙虎真人之正一装	4	0	101	22629					2	131	76	20	2	131	34	50	2	130	23	1	2	130	15	10					1	9	50	0	405	180	0	1
449	大明尊者之寂灭装	4	0	101	22630					2	131	76	20	2	131	33	50	2	130	23	1	2	130	15	10					1	9	50	0	405	180	0	1
450	大明尊者之寂灭装	4	0	101	22631					2	131	76	20	2	131	33	50	2	130	23	1	2	130	15	10					1	9	50	0	405	180	0	1
451	大明尊者之寂灭装	4	0	101	22632					2	131	76	20	2	131	34	50	2	130	23	1	2	130	15	10					1	9	50	0	405	180	0	1
452	大明尊者之寂灭装	4	0	101	22633					2	131	76	20	2	131	34	50	2	130	23	1	2	130	15	10					1	9	50	0	405	180	0	1
453	护法尊者之出阵装	4	0	101	22634					2	131	76	20	2	131	33	50	2	130	23	1	2	130	15	10					1	9	50	0	405	180	0	1
454	护法尊者之出阵装	4	0	101	22635					2	131	76	20	2	131	33	50	2	130	23	1	2	130	15	10					1	9	50	0	405	180	0	1
455	护法尊者之出阵装	4	0	101	22636					2	131	76	20	2	131	34	50	2	130	23	1	2	130	15	10					1	9	50	0	405	180	0	1
456	护法尊者之出阵装	4	0	101	22637					2	131	76	20	2	131	34	50	2	130	23	1	2	130	15	10					1	9	50	0	405	180	0	1
457	摩尼尊者之四果装	4	0	101	22638					2	131	76	20	2	131	33	50	2	130	23	1	2	130	15	10					1	9	50	0	405	180	0	1
458	摩尼尊者之四果装	4	0	101	22639					2	131	76	20	2	131	33	50	2	130	23	1	2	130	15	10					1	9	50	0	405	180	0	1
459	摩尼尊者之四果装	4	0	101	22640					2	131	76	20	2	131	34	50	2	130	23	1	2	130	15	10					1	9	50	0	405	180	0	1
460	摩尼尊者之四果装	4	0	101	22641					2	131	76	20	2	131	34	50	2	130	23	1	2	130	15	10					1	9	50	0	405	180	0	1
461	翠微仙子之绿竹装	4	0	101	22642					2	131	76	20	2	131	34	50	2	130	23	1	2	130	15	10					1	9	50	0	405	180	0	1
462	翠微仙子之绿竹装	4	0	101	22643					2	131	76	20	2	131	34	50	2	130	23	1	2	130	15	10					1	9	50	0	405	180	0	1
463	天香仙子之芙蓉装	4	0	101	22644					2	131	76	20	2	131	34	50	2	130	23	1	2	130	15	10					1	9	50	0	405	180	0	1
464	天香仙子之芙蓉装	4	0	101	22645					2	131	76	20	2	131	34	50	2	130	23	1	2	130	15	10					1	9	50	0	405	180	0	1
465	惭恩客之斩衣裤	4	0	101	22646					2	131	76	20	2	131	33	50	2	130	23	1	2	130	15	10					1	9	50	0	405	180	0	1
466	惭恩客之斩衣裤	4	0	101	22647					2	131	76	20	2	131	33	50	2	130	23	1	2	130	15	10					1	9	50	0	405	180	0	1
467	惭恩客之斩衣裙	4	0	101	22648					2	131	76	20	2	131	34	50	2	130	23	1	2	130	15	10					1	9	50	0	405	180	0	1
468	惭恩客之斩衣裙	4	0	101	22649					2	131	76	20	2	131	34	50	2	130	23	1	2	130	15	10					1	9	50	0	405	180	0	1
469	浣剑真人之御心装	4	0	101	22650					2	131	76	20	2	131	34	50	2	130	23	1	2	130	15	10					1	9	50	0	405	180	0	1
470	浣剑真人之御心装	4	0	101	22651					2	131	76	20	2	131	34	50	2	130	23	1	2	130	15	10					1	9	50	0	405	180	0	1
471																																					
472																																					
473																																					
474																																					
475																																					
476																																					
477																																					
478																																					
479																																					
480																																					
481	窝头	5	1	1	1																									0	1	1	0	501	36	0	1
482	军用物资	5	2	97	1					2	0	307	15																	0	1	0	0	501	36	0	1
483	黑钨精石	5	2	2	66					2	2	37	20	2	8	7	5													0	1	0	0	501	36	0	1
484	铁线精木	5	2	2	67					2	2	11	20	2	10	2	5													0	1	0	0	501	36	0	1
485	山狮精皮	5	2	2	68					2	2	47	20	2	9	7	5													0	1	0	0	501	36	0	1
486	赤钨灵符	5	2	2	69					2	1	912	5	2	2	14	5													0	1	0	0	501	36	0	1
487	灵符纸	5	2	2	65					2	2	42	2	2	2	30	2	2	2	29	2									0	2	1	1	502	36	0	1
488	武当土地符	5	1	5	8					2	2	65	4	2	1	908	2													0	2	5	5	502	36	0	1
489	丐帮土地符	5	1	5	9					2	2	65	4	2	1	909	2													0	2	5	5	502	36	0	1
490	少林土地符	5	1	5	10					2	2	65	4	2	1	910	2													0	2	5	5	502	36	0	1
491	峨嵋土地符	5	1	5	11					2	2	65	4	2	1	911	2													0	2	5	5	502	36	0	1
492	昆仑土地符	5	1	5	112					2	2	65	4	2	131	69	2													0	2	5	5	502	36	0	1
493	翠烟土地符	5	1	5	114					2	2	65	4	2	131	70	2													0	2	5	5	502	36	0	1
494	明教土地符	5	1	5	113					2	2	65	4	2	131	71	2													0	2	5	5	502	36	0	1
495	唐门土地符	5	1	5	12					2	2	65	4	2	1	913	2													0	2	5	5	502	36	0	1
496	五毒土地符	5	1	5	13					2	2	65	4	2	1	914	2													0	2	5	5	502	36	0	1
497	天波杨府土地符	5	1	5	14					2	2	65	4	2	1	915	2													0	2	5	5	502	36	0	1
498	聚灵符纸	5	2	1	912					2	2	42	1	2	2	44	1	2	2	29	2									0	2	1	1	502	36	0	1
499	松木板	5	2	131	35					2	2	41	4	2	2	29	2													0	2	1	1	502	36	0	1
500	杉木板	5	2	131	36					2	2	43	4	2	2	29	2													0	2	1	1	502	36	0	1
501	砂纸	5	2	131	37	2	131	38	20	2	131	36	2	2	131	35	2	2	2	29	2									0	5	6	20	503	36	0	1
502	汴京土地符	5	1	5	1					2	2	31	1	2	1	912	1	2	1	901	2									0	5	6	20	503	36	0	1
503	成都土地符	5	1	5	2					2	2	31	1	2	1	912	1	2	1	902	2									0	5	6	20	503	36	0	1
504	泉州土地符	5	1	5	3					2	2	31	1	2	1	912	1	2	1	903	2									0	5	6	20	503	36	0	1
505	襄阳土地符	5	1	5	4					2	2	32	1	2	1	912	1	2	1	904	2									0	5	6	20	503	36	0	1
506	凤翔土地符	5	1	5	5					2	2	32	1	2	1	912	1	2	1	905	2									0	5	6	20	503	36	0	1
507	大理土地符	5	1	5	6					2	2	32	1	2	1	912	1	2	1	906	2									0	5	6	20	503	36	0	1
508	扬州土地符	5	1	5	7					2	2	32	1	2	1	912	1	2	1	907	2									0	5	6	20	503	36	0	1
509	灵血墨	5	2	131	40					2	2	33	2	2	2	34	2	2	2	35	2	2	2	107	2					0	7	5	20	504	36	0	1
510	木箱	5	2	131	41					2	2	13	4	2	131	35	2	2	131	61	10									0	7	10	40	504	36	0	1
511	旗子	5	2	131	42					2	2	104	4	2	131	36	4	2	131	61	10									0	7	10	40	504	36	0	1
512	驺吾符纸	5	2	131	43					2	2	14	2	2	2	105	2	2	2	106	1	2	131	61	2					0	7	5	20	504	36	0	1
513	铁质关节	5	2	131	44					2	2	12	2	2	2	38	2	2	131	61	2									0	7	5	20	504	36	0	1
514	木质部件	5	2	131	45					2	131	67	2	2	8	7	2	2	131	61	2									0	7	5	20	504	36	0	1
515	榫卯	5	2	131	46	2	131	47	20	2	2	14	2	2	2	13	2	2	131	61	2									0	7	5	20	504	36	0	1
516	木桌	5	2	131	49					2	7	3	4	2	7	6	4	2	131	46	4	2	131	73	1					0	9	5	5	505	36	0	1
517	燕几	5	2	131	50					2	7	6	8	2	7	7	8	2	131	47	4	2	131	73	1					0	9	5	5	505	36	0	1
518	八仙桌	5	2	131	51					2	7	7	12	2	131	45	12	2	131	48	4	2	131	73	1					0	9	5	5	505	36	0	1
519	传送符	5	2	131	52					2	131	40	4	2	131	43	4	2	7	3	4	2	131	73	1					0	9	10	5	505	36	0	1
520	小木人	5	2	131	53					2	131	45	1	2	131	46	1	2	130	18	5	2	131	73	50					1	9	25	50	505	180	0	1
521	木头人	5	2	131	54					2	131	45	1	2	131	47	1	2	130	18	10	2	131	73	100					1	9	25	55	505	180	0	1
522	大木人	5	2	131	55					2	131	45	1	2	131	48	1	2	130	18	15	2	131	73	200					1	9	25	60	505	180	0	1
523	小铜人	5	2	131	56					2	131	44	1	2	131	46	1	2	130	18	5	2	131	73	50					1	9	25	50	505	180	0	1
524	机关铜人	5	2	131	57					2	131	44	1	2	131	47	1	2	130	18	10	2	131	73	100					1	9	25	55	505	180	0	1
525	大铜人	5	2	131	58					2	131	44	1	2	131	48	1	2	130	18	15	2	131	73	200					1	9	25	60	505	180	0	1
526	铁木板	5	2	131	67					2	2	11	4	2	131	61	1													0	7	5	20	504	36	0	1
527	五级鉴定符	5	2	5	5					2	1	912	2	2	131	43	1	2	5	2	1	2	131	73	1					0	9	10	5	505	36	0	1
528	六级鉴定符	5	2	5	6					2	1	912	4	2	131	43	1	2	5	3	1	2	131	73	1					0	9	10	5	505	36	0	1
529	七级鉴定符	5	2	5	7					2	131	40	1	2	131	43	1	2	5	4	1	2	131	73	1					0	9	10	5	505	36	0	1
530	本如法师之法华戒	5	0	102	22655					2	131	21	20	2	131	39	50	2	2	103	1	2	130	18	5					1	9	50	0	505	180	0	1
531	本如法师之法华戒	5	0	102	22656					2	131	21	20	2	131	39	50	2	2	103	1	2	130	18	5					1	9	50	0	505	180	0	1
532	本如法师之法华佩	5	0	102	22657					2	131	18	20	2	131	39	50	2	2	103	1	2	130	18	5					1	9	50	0	505	180	0	1
533	本如法师之法华佩	5	0	102	22658					2	131	18	20	2	131	39	50	2	2	103	1	2	130	18	5					1	9	50	0	505	180	0	1
534	大慧禅师之无心戒	5	0	102	22659					2	131	21	20	2	131	39	50	2	2	103	1	2	130	18	5					1	9	50	0	505	180	0	1
535	大慧禅师之无心戒	5	0	102	22660					2	131	21	20	2	131	39	50	2	2	103	1	2	130	18	5					1	9	50	0	505	180	0	1
536	大慧禅师之无心佩	5	0	102	22661					2	131	18	20	2	131	39	50	2	2	103	1	2	130	18	5					1	9	50	0	505	180	0	1
537	大慧禅师之无心佩	5	0	102	22662					2	131	18	20	2	131	39	50	2	2	103	1	2	130	18	5					1	9	50	0	505	180	0	1
538	青灯法师之离俗戒	5	0	102	22663					2	131	21	20	2	131	39	50	2	2	103	1	2	130	18	5					1	9	50	0	505	180	0	1
539	青灯法师之离俗戒	5	0	102	22664					2	131	21	20	2	131	39	50	2	2	103	1	2	130	18	5					1	9	50	0	505	180	0	1
540	青灯法师之离俗佩	5	0	102	22665					2	131	18	20	2	131	39	50	2	2	103	1	2	130	18	5					1	9	50	0	505	180	0	1
541	青灯法师之离俗佩	5	0	102	22666					2	131	18	20	2	131	39	50	2	2	103	1	2	130	18	5					1	9	50	0	505	180	0	1
542	千机隐士之漆身戒	5	0	102	22667					2	131	21	20	2	131	39	50	2	2	103	1	2	130	18	5					1	9	50	0	505	180	0	1
543	千机隐士之漆身戒	5	0	102	22668					2	131	21	20	2	131	39	50	2	2	103	1	2	130	18	5					1	9	50	0	505	180	0	1
544	千机隐士之漆身戒	5	0	102	22669					2	131	21	20	2	131	39	50	2	2	103	1	2	130	18	5					1	9	50	0	505	180	0	1
545	千机隐士之漆身戒	5	0	102	22670					2	131	21	20	2	131	39	50	2	2	103	1	2	130	18	5					1	9	50	0	505	180	0	1
546	千机隐士之漆身佩	5	0	102	22671					2	131	18	20	2	131	39	50	2	2	103	1	2	130	18	5					1	9	50	0	505	180	0	1
547	千机隐士之漆身佩	5	0	102	22672					2	131	18	20	2	131	39	50	2	2	103	1	2	130	18	5					1	9	50	0	505	180	0	1
548	千机隐士之漆身佩	5	0	102	22673					2	131	18	20	2	131	39	50	2	2	103	1	2	130	18	5					1	9	50	0	505	180	0	1
549	千机隐士之漆身佩	5	0	102	22674					2	131	18	20	2	131	39	50	2	2	103	1	2	130	18	5					1	9	50	0	505	180	0	1
550	昙彻尼之幽隐戒	5	0	102	22675					2	131	21	20	2	131	39	50	2	2	103	1	2	130	18	5					1	9	50	0	505	180	0	1
551	昙彻尼之幽隐戒	5	0	102	22676					2	131	21	20	2	131	39	50	2	2	103	1	2	130	18	5					1	9	50	0	505	180	0	1
552	昙彻尼之幽隐佩	5	0	102	22677					2	131	18	20	2	131	39	50	2	2	103	1	2	130	18	5					1	9	50	0	505	180	0	1
553	昙彻尼之幽隐佩	5	0	102	22678					2	131	18	20	2	131	39	50	2	2	103	1	2	130	18	5					1	9	50	0	505	180	0	1
554	古琴圣之绕梁戒	5	0	102	22679					2	131	21	20	2	131	39	50	2	2	103	1	2	130	18	5					1	9	50	0	505	180	0	1
555	古琴圣之绕梁戒	5	0	102	22680					2	131	21	20	2	131	39	50	2	2	103	1	2	130	18	5					1	9	50	0	505	180	0	1
556	古琴圣之绕梁佩	5	0	102	22681					2	131	18	20	2	131	39	50	2	2	103	1	2	130	18	5					1	9	50	0	505	180	0	1
557	古琴圣之绕梁佩	5	0	102	22682					2	131	18	20	2	131	39	50	2	2	103	1	2	130	18	5					1	9	50	0	505	180	0	1
558	传功长老之四海戒	5	0	102	22683					2	131	21	20	2	131	39	50	2	2	103	1	2	130	18	5					1	9	50	0	505	180	0	1
559	传功长老之四海戒	5	0	102	22684					2	131	21	20	2	131	39	50	2	2	103	1	2	130	18	5					1	9	50	0	505	180	0	1
560	传功长老之四海戒	5	0	102	22685					2	131	21	20	2	131	39	50	2	2	103	1	2	130	18	5					1	9	50	0	505	180	0	1
561	传功长老之四海戒	5	0	102	22686					2	131	21	20	2	131	39	50	2	2	103	1	2	130	18	5					1	9	50	0	505	180	0	1
562	传功长老之四海佩	5	0	102	22687					2	131	18	20	2	131	39	50	2	2	103	1	2	130	18	5					1	9	50	0	505	180	0	1
563	传功长老之四海佩	5	0	102	22688					2	131	18	20	2	131	39	50	2	2	103	1	2	130	18	5					1	9	50	0	505	180	0	1
564	传功长老之四海佩	5	0	102	22689					2	131	18	20	2	131	39	50	2	2	103	1	2	130	18	5					1	9	50	0	505	180	0	1
565	传功长老之四海佩	5	0	102	22690					2	131	18	20	2	131	39	50	2	2	103	1	2	130	18	5					1	9	50	0	505	180	0	1
566	掌钵长老之穷楼戒	5	0	102	22691					2	131	21	20	2	131	39	50	2	2	103	1	2	130	18	5					1	9	50	0	505	180	0	1
567	掌钵长老之穷楼戒	5	0	102	22692					2	131	21	20	2	131	39	50	2	2	103	1	2	130	18	5					1	9	50	0	505	180	0	1
568	掌钵长老之穷楼戒	5	0	102	22693					2	131	21	20	2	131	39	50	2	2	103	1	2	130	18	5					1	9	50	0	505	180	0	1
569	掌钵长老之穷楼戒	5	0	102	22694					2	131	21	20	2	131	39	50	2	2	103	1	2	130	18	5					1	9	50	0	505	180	0	1
570	掌钵长老之穷楼佩	5	0	102	22695					2	131	18	20	2	131	39	50	2	2	103	1	2	130	18	5					1	9	50	0	505	180	0	1
571	掌钵长老之穷楼佩	5	0	102	22696					2	131	18	20	2	131	39	50	2	2	103	1	2	130	18	5					1	9	50	0	505	180	0	1
572	掌钵长老之穷楼佩	5	0	102	22697					2	131	18	20	2	131	39	50	2	2	103	1	2	130	18	5					1	9	50	0	505	180	0	1
573	掌钵长老之穷楼佩	5	0	102	22698					2	131	18	20	2	131	39	50	2	2	103	1	2	130	18	5					1	9	50	0	505	180	0	1
574	太清真人之道德戒	5	0	102	22699					2	131	21	20	2	131	39	50	2	2	103	1	2	130	18	5					1	9	50	0	505	180	0	1
575	太清真人之道德戒	5	0	102	22700					2	131	21	20	2	131	39	50	2	2	103	1	2	130	18	5					1	9	50	0	505	180	0	1
576	太清真人之道德戒	5	0	102	22701					2	131	21	20	2	131	39	50	2	2	103	1	2	130	18	5					1	9	50	0	505	180	0	1
577	太清真人之道德戒	5	0	102	22702					2	131	21	20	2	131	39	50	2	2	103	1	2	130	18	5					1	9	50	0	505	180	0	1
578	太清真人之道德佩	5	0	102	22703					2	131	18	20	2	131	39	50	2	2	103	1	2	130	18	5					1	9	50	0	505	180	0	1
579	太清真人之道德佩	5	0	102	22704					2	131	18	20	2	131	39	50	2	2	103	1	2	130	18	5					1	9	50	0	505	180	0	1
580	太清真人之道德佩	5	0	102	22705					2	131	18	20	2	131	39	50	2	2	103	1	2	130	18	5					1	9	50	0	505	180	0	1
581	太清真人之道德佩	5	0	102	22706					2	131	18	20	2	131	39	50	2	2	103	1	2	130	18	5					1	9	50	0	505	180	0	1
582	通天教主之诛仙戒	5	0	102	22707					2	131	21	20	2	131	39	50	2	2	103	1	2	130	18	5					1	9	50	0	505	180	0	1
583	通天教主之诛仙戒	5	0	102	22708					2	131	21	20	2	131	39	50	2	2	103	1	2	130	18	5					1	9	50	0	505	180	0	1
584	通天教主之诛仙戒	5	0	102	22709					2	131	21	20	2	131	39	50	2	2	103	1	2	130	18	5					1	9	50	0	505	180	0	1
585	通天教主之诛仙戒	5	0	102	22710					2	131	21	20	2	131	39	50	2	2	103	1	2	130	18	5					1	9	50	0	505	180	0	1
586	通天教主之诛仙佩	5	0	102	22711					2	131	18	20	2	131	39	50	2	2	103	1	2	130	18	5					1	9	50	0	505	180	0	1
587	通天教主之诛仙佩	5	0	102	22712					2	131	18	20	2	131	39	50	2	2	103	1	2	130	18	5					1	9	50	0	505	180	0	1
588	通天教主之诛仙佩	5	0	102	22713					2	131	18	20	2	131	39	50	2	2	103	1	2	130	18	5					1	9	50	0	505	180	0	1
589	通天教主之诛仙佩	5	0	102	22714					2	131	18	20	2	131	39	50	2	2	103	1	2	130	18	5					1	9	50	0	505	180	0	1
590	征南元帅之龙神戒	5	0	102	22715					2	131	21	20	2	131	39	50	2	2	103	1	2	130	18	5					1	9	50	0	505	180	0	1
591	征南元帅之龙神戒	5	0	102	22716					2	131	21	20	2	131	39	50	2	2	103	1	2	130	18	5					1	9	50	0	505	180	0	1
592	征南元帅之龙神戒	5	0	102	22717					2	131	21	20	2	131	39	50	2	2	103	1	2	130	18	5					1	9	50	0	505	180	0	1
593	征南元帅之龙神戒	5	0	102	22718					2	131	21	20	2	131	39	50	2	2	103	1	2	130	18	5					1	9	50	0	505	180	0	1
594	征南元帅之龙神佩	5	0	102	22719					2	131	18	20	2	131	39	50	2	2	103	1	2	130	18	5					1	9	50	0	505	180	0	1
595	征南元帅之龙神佩	5	0	102	22720					2	131	18	20	2	131	39	50	2	2	103	1	2	130	18	5					1	9	50	0	505	180	0	1
596	征南元帅之龙神佩	5	0	102	22721					2	131	18	20	2	131	39	50	2	2	103	1	2	130	18	5					1	9	50	0	505	180	0	1
597	征南元帅之龙神佩	5	0	102	22722					2	131	18	20	2	131	39	50	2	2	103	1	2	130	18	5					1	9	50	0	505	180	0	1
598	镇北元帅之虞候戒	5	0	102	22723					2	131	21	20	2	131	39	50	2	2	103	1	2	130	18	5					1	9	50	0	505	180	0	1
599	镇北元帅之虞候戒	5	0	102	22724					2	131	21	20	2	131	39	50	2	2	103	1	2	130	18	5					1	9	50	0	505	180	0	1
600	镇北元帅之虞候戒	5	0	102	22725					2	131	21	20	2	131	39	50	2	2	103	1	2	130	18	5					1	9	50	0	505	180	0	1
601	镇北元帅之虞候戒	5	0	102	22726					2	131	21	20	2	131	39	50	2	2	103	1	2	130	18	5					1	9	50	0	505	180	0	1
602	镇北元帅之虞候佩	5	0	102	22727					2	131	18	20	2	131	39	50	2	2	103	1	2	130	18	5					1	9	50	0	505	180	0	1
603	镇北元帅之虞候佩	5	0	102	22728					2	131	18	20	2	131	39	50	2	2	103	1	2	130	18	5					1	9	50	0	505	180	0	1
604	镇北元帅之虞候佩	5	0	102	22729					2	131	18	20	2	131	39	50	2	2	103	1	2	130	18	5					1	9	50	0	505	180	0	1
605	镇北元帅之虞候佩	5	0	102	22730					2	131	18	20	2	131	39	50	2	2	103	1	2	130	18	5					1	9	50	0	505	180	0	1
606	吞月尊者之贪狼戒	5	0	102	22731					2	131	21	20	2	131	39	50	2	2	103	1	2	130	18	5					1	9	50	0	505	180	0	1
607	吞月尊者之贪狼戒	5	0	102	22732					2	131	21	20	2	131	39	50	2	2	103	1	2	130	18	5					1	9	50	0	505	180	0	1
608	吞月尊者之贪狼戒	5	0	102	22733					2	131	21	20	2	131	39	50	2	2	103	1	2	130	18	5					1	9	50	0	505	180	0	1
609	吞月尊者之贪狼戒	5	0	102	22734					2	131	21	20	2	131	39	50	2	2	103	1	2	130	18	5					1	9	50	0	505	180	0	1
610	吞月尊者之贪狼佩	5	0	102	22735					2	131	18	20	2	131	39	50	2	2	103	1	2	130	18	5					1	9	50	0	505	180	0	1
611	吞月尊者之贪狼佩	5	0	102	22736					2	131	18	20	2	131	39	50	2	2	103	1	2	130	18	5					1	9	50	0	505	180	0	1
612	吞月尊者之贪狼佩	5	0	102	22737					2	131	18	20	2	131	39	50	2	2	103	1	2	130	18	5					1	9	50	0	505	180	0	1
613	吞月尊者之贪狼佩	5	0	102	22738					2	131	18	20	2	131	39	50	2	2	103	1	2	130	18	5					1	9	50	0	505	180	0	1
614	蛊王尊者之百足戒	5	0	102	22739					2	131	21	20	2	131	39	50	2	2	103	1	2	130	18	5					1	9	50	0	505	180	0	1
615	蛊王尊者之百足戒	5	0	102	22740					2	131	21	20	2	131	39	50	2	2	103	1	2	130	18	5					1	9	50	0	505	180	0	1
616	蛊王尊者之百足戒	5	0	102	22741					2	131	21	20	2	131	39	50	2	2	103	1	2	130	18	5					1	9	50	0	505	180	0	1
617	蛊王尊者之百足戒	5	0	102	22742					2	131	21	20	2	131	39	50	2	2	103	1	2	130	18	5					1	9	50	0	505	180	0	1
618	蛊王尊者之百足佩	5	0	102	22743					2	131	18	20	2	131	39	50	2	2	103	1	2	130	18	5					1	9	50	0	505	180	0	1
619	蛊王尊者之百足佩	5	0	102	22744					2	131	18	20	2	131	39	50	2	2	103	1	2	130	18	5					1	9	50	0	505	180	0	1
620	蛊王尊者之百足佩	5	0	102	22745					2	131	18	20	2	131	39	50	2	2	103	1	2	130	18	5					1	9	50	0	505	180	0	1
621	蛊王尊者之百足佩	5	0	102	22746					2	131	18	20	2	131	39	50	2	2	103	1	2	130	18	5					1	9	50	0	505	180	0	1
622	龙虎真人之正一戒	5	0	102	22747					2	131	21	20	2	131	39	50	2	2	103	1	2	130	18	5					1	9	50	0	505	180	0	1
623	龙虎真人之正一戒	5	0	102	22748					2	131	21	20	2	131	39	50	2	2	103	1	2	130	18	5					1	9	50	0	505	180	0	1
624	龙虎真人之正一佩	5	0	102	22749					2	131	18	20	2	131	39	50	2	2	103	1	2	130	18	5					1	9	50	0	505	180	0	1
625	龙虎真人之正一佩	5	0	102	22750					2	131	18	20	2	131	39	50	2	2	103	1	2	130	18	5					1	9	50	0	505	180	0	1
626	大明尊者之寂灭戒	5	0	102	22751					2	131	21	20	2	131	39	50	2	2	103	1	2	130	18	5					1	9	50	0	505	180	0	1
627	大明尊者之寂灭戒	5	0	102	22752					2	131	21	20	2	131	39	50	2	2	103	1	2	130	18	5					1	9	50	0	505	180	0	1
628	大明尊者之寂灭戒	5	0	102	22753					2	131	21	20	2	131	39	50	2	2	103	1	2	130	18	5					1	9	50	0	505	180	0	1
629	大明尊者之寂灭戒	5	0	102	22754					2	131	21	20	2	131	39	50	2	2	103	1	2	130	18	5					1	9	50	0	505	180	0	1
630	大明尊者之寂灭佩	5	0	102	22755					2	131	18	20	2	131	39	50	2	2	103	1	2	130	18	5					1	9	50	0	505	180	0	1
631	大明尊者之寂灭佩	5	0	102	22756					2	131	18	20	2	131	39	50	2	2	103	1	2	130	18	5					1	9	50	0	505	180	0	1
632	大明尊者之寂灭佩	5	0	102	22757					2	131	18	20	2	131	39	50	2	2	103	1	2	130	18	5					1	9	50	0	505	180	0	1
633	大明尊者之寂灭佩	5	0	102	22758					2	131	18	20	2	131	39	50	2	2	103	1	2	130	18	5					1	9	50	0	505	180	0	1
634	护法尊者之出阵戒	5	0	102	22759					2	131	21	20	2	131	39	50	2	2	103	1	2	130	18	5					1	9	50	0	505	180	0	1
635	护法尊者之出阵戒	5	0	102	22760					2	131	21	20	2	131	39	50	2	2	103	1	2	130	18	5					1	9	50	0	505	180	0	1
636	护法尊者之出阵戒	5	0	102	22761					2	131	21	20	2	131	39	50	2	2	103	1	2	130	18	5					1	9	50	0	505	180	0	1
637	护法尊者之出阵戒	5	0	102	22762					2	131	21	20	2	131	39	50	2	2	103	1	2	130	18	5					1	9	50	0	505	180	0	1
638	护法尊者之出阵佩	5	0	102	22763					2	131	18	20	2	131	39	50	2	2	103	1	2	130	18	5					1	9	50	0	505	180	0	1
639	护法尊者之出阵佩	5	0	102	22764					2	131	18	20	2	131	39	50	2	2	103	1	2	130	18	5					1	9	50	0	505	180	0	1
640	护法尊者之出阵佩	5	0	102	22765					2	131	18	20	2	131	39	50	2	2	103	1	2	130	18	5					1	9	50	0	505	180	0	1
641	护法尊者之出阵佩	5	0	102	22766					2	131	18	20	2	131	39	50	2	2	103	1	2	130	18	5					1	9	50	0	505	180	0	1
642	摩尼尊者之四果戒	5	0	102	22767					2	131	21	20	2	131	39	50	2	2	103	1	2	130	18	5					1	9	50	0	505	180	0	1
643	摩尼尊者之四果戒	5	0	102	22768					2	131	21	20	2	131	39	50	2	2	103	1	2	130	18	5					1	9	50	0	505	180	0	1
644	摩尼尊者之四果戒	5	0	102	22769					2	131	21	20	2	131	39	50	2	2	103	1	2	130	18	5					1	9	50	0	505	180	0	1
645	摩尼尊者之四果戒	5	0	102	22770					2	131	21	20	2	131	39	50	2	2	103	1	2	130	18	5					1	9	50	0	505	180	0	1
646	摩尼尊者之四果佩	5	0	102	22771					2	131	18	20	2	131	39	50	2	2	103	1	2	130	18	5					1	9	50	0	505	180	0	1
647	摩尼尊者之四果佩	5	0	102	22772					2	131	18	20	2	131	39	50	2	2	103	1	2	130	18	5					1	9	50	0	505	180	0	1
648	摩尼尊者之四果佩	5	0	102	22773					2	131	18	20	2	131	39	50	2	2	103	1	2	130	18	5					1	9	50	0	505	180	0	1
649	摩尼尊者之四果佩	5	0	102	22774					2	131	18	20	2	131	39	50	2	2	103	1	2	130	18	5					1	9	50	0	505	180	0	1
650	翠微仙子之绿竹戒	5	0	102	22775					2	131	21	20	2	131	39	50	2	2	103	1	2	130	18	5					1	9	50	0	505	180	0	1
651	翠微仙子之绿竹戒	5	0	102	22776					2	131	21	20	2	131	39	50	2	2	103	1	2	130	18	5					1	9	50	0	505	180	0	1
652	翠微仙子之绿竹佩	5	0	102	22777					2	131	18	20	2	131	39	50	2	2	103	1	2	130	18	5					1	9	50	0	505	180	0	1
653	翠微仙子之绿竹佩	5	0	102	22778					2	131	18	20	2	131	39	50	2	2	103	1	2	130	18	5					1	9	50	0	505	180	0	1
654	天香仙子之芙蓉戒	5	0	102	22779					2	131	21	20	2	131	39	50	2	2	103	1	2	130	18	5					1	9	50	0	505	180	0	1
655	天香仙子之芙蓉戒	5	0	102	22780					2	131	21	20	2	131	39	50	2	2	103	1	2	130	18	5					1	9	50	0	505	180	0	1
656	天香仙子之芙蓉佩	5	0	102	22781					2	131	18	20	2	131	39	50	2	2	103	1	2	130	18	5					1	9	50	0	505	180	0	1
657	天香仙子之芙蓉佩	5	0	102	22782					2	131	18	20	2	131	39	50	2	2	103	1	2	130	18	5					1	9	50	0	505	180	0	1
658	惭恩客之斩衣戒	5	0	102	22783					2	131	21	20	2	131	39	50	2	2	103	1	2	130	18	5					1	9	50	0	505	180	0	1
659	惭恩客之斩衣戒	5	0	102	22784					2	131	21	20	2	131	39	50	2	2	103	1	2	130	18	5					1	9	50	0	505	180	0	1
660	惭恩客之斩衣戒	5	0	102	22785					2	131	21	20	2	131	39	50	2	2	103	1	2	130	18	5					1	9	50	0	505	180	0	1
661	惭恩客之斩衣戒	5	0	102	22786					2	131	21	20	2	131	39	50	2	2	103	1	2	130	18	5					1	9	50	0	505	180	0	1
662	惭恩客之斩衣佩	5	0	102	22787					2	131	18	20	2	131	39	50	2	2	103	1	2	130	18	5					1	9	50	0	505	180	0	1
663	惭恩客之斩衣佩	5	0	102	22788					2	131	18	20	2	131	39	50	2	2	103	1	2	130	18	5					1	9	50	0	505	180	0	1
664	惭恩客之斩衣佩	5	0	102	22789					2	131	18	20	2	131	39	50	2	2	103	1	2	130	18	5					1	9	50	0	505	180	0	1
665	惭恩客之斩衣佩	5	0	102	22790					2	131	18	20	2	131	39	50	2	2	103	1	2	130	18	5					1	9	50	0	505	180	0	1
666	浣剑真人之御心戒	5	0	102	22791					2	131	21	20	2	131	39	50	2	2	103	1	2	130	18	5					1	9	50	0	505	180	0	1
667	浣剑真人之御心戒	5	0	102	22792					2	131	21	20	2	131	39	50	2	2	103	1	2	130	18	5					1	9	50	0	505	180	0	1
668	浣剑真人之御心佩	5	0	102	22793					2	131	18	20	2	131	39	50	2	2	103	1	2	130	18	5					1	9	50	0	505	180	0	1
669	浣剑真人之御心佩	5	0	102	22794					2	131	18	20	2	131	39	50	2	2	103	1	2	130	18	5					1	9	50	0	505	180	0	1
670																																					
671																																					
672																																					
673																																					
674																																					
675																																					
676																																					
677																																					
678																																					
679																																					
680																																					
681	窝头	6	1	1	1																									0	1	1	0	601	36	0	1
682	军用物资	6	2	97	1					2	0	307	15																	0	1	0	0	601	36	0	1
683	黑钨精石	6	2	2	66					2	2	37	20	2	8	7	5													0	1	0	0	601	36	0	1
684	铁线精木	6	2	2	67					2	2	11	20	2	10	2	5													0	1	0	0	601	36	0	1
685	山狮精皮	6	2	2	68					2	2	47	20	2	9	7	5													0	1	0	0	601	36	0	1
686	赤钨灵符	6	2	2	69					2	1	912	5	2	2	14	5													0	1	0	0	601	36	0	1
687	金丝线	6	2	131	1					2	9	2	4	2	9	3	4	2	2	25	2									0	2	5	1	602	36	0	1
688	珍珠扣	6	2	131	2					2	130	3	4	2	9	3	4	2	2	25	2									0	2	5	1	602	36	0	1
689	蜀江锦	6	2	131	3					2	130	3	6	2	9	3	6	2	9	2	6	2	2	25	10					0	2	10	10	602	36	0	1
690	珍珠链饰	6	2	131	4					2	130	7	2	2	130	3	2	2	131	2	1	2	2	21	2					0	5	6	20	603	36	0	1
691	木棉锦	6	2	2	24					2	130	7	2	2	2	52	2	2	2	55	1	2	2	21	10					0	5	12	40	603	36	0	1
692	火浣锦	6	2	2	23					2	130	7	2	2	9	7	2	2	9	4	2	2	2	21	10					0	7	20	80	604	36	0	1
693	天孙锦	6	2	2	26					2	130	7	2	2	2	56	2	2	9	5	2	2	2	21	10					0	7	20	80	604	36	0	1
694	精制丝线	6	2	2	467					2	2	36	1	2	2	100	2	2	130	15	1	2	2	21	10					0	7	5	20	604	36	0	1
695	鹤归冠	6	0	108	909					2	130	14	60	2	2	467	1	2	131	84	5	2	131	6	10					1	9	25	150	605	180	0	1
696	鹤归衣	6	0	109	909					2	130	14	60	2	2	467	1	2	131	84	5	2	131	6	10					1	9	25	150	605	180	0	1
697	鹤归装	6	0	110	909					2	130	14	60	2	2	467	1	2	131	84	5	2	131	6	10					1	9	25	150	605	180	0	1
698	鹤归冠	6	0	108	910					2	130	14	60	2	2	467	1	2	131	84	5	2	131	6	10					1	9	25	150	606	180	0	1
699	鹤归衣	6	0	109	910					2	130	14	60	2	2	467	1	2	131	84	5	2	131	6	10					1	9	25	150	606	180	0	1
700	鹤归装	6	0	110	910					2	130	14	60	2	2	467	1	2	131	84	5	2	131	6	10					1	9	25	150	606	180	0	1
701	鹤归簪	6	0	108	911					2	130	13	60	2	2	467	1	2	131	84	5	2	131	6	10					1	9	25	150	607	180	0	1
702	鹤归衣	6	0	109	911					2	130	13	60	2	2	467	1	2	131	84	5	2	131	6	10					1	9	25	150	607	180	0	1
703	鹤归裙	6	0	110	911					2	130	13	60	2	2	467	1	2	131	84	5	2	131	6	10					1	9	25	150	607	180	0	1
704	鹤归簪	6	0	108	912					2	130	13	60	2	2	467	1	2	131	84	5	2	131	6	10					1	9	25	150	608	180	0	1
705	鹤归衣	6	0	109	912					2	130	13	60	2	2	467	1	2	131	84	5	2	131	6	10					1	9	25	150	608	180	0	1
706	鹤归裙	6	0	110	912					2	130	13	60	2	2	467	1	2	131	84	5	2	131	6	10					1	9	25	150	608	180	0	1
707	白露冠	6	0	108	961					2	130	13	60	2	111	171	300	2	130	15	10	2	131	6	10					1	9	25	150	609	180	0	1
708	白露冠	6	0	108	962					2	130	13	60	2	111	171	300	2	130	15	10	2	131	6	10					1	9	25	150	609	180	0	1
709	白露簪	6	0	108	963					2	130	13	60	2	111	171	300	2	130	15	10	2	131	6	10					1	9	25	150	609	180	0	1
710	白露簪	6	0	108	964					2	130	13	60	2	111	171	300	2	130	15	10	2	131	6	10					1	9	25	150	609	180	0	1
711	白露衣	6	0	109	961					2	130	13	60	2	111	171	300	2	130	15	10	2	131	6	10					1	9	25	150	609	180	0	1
712	白露衣	6	0	109	962					2	130	13	60	2	111	171	300	2	130	15	10	2	131	6	10					1	9	25	150	609	180	0	1
713	白露衣	6	0	109	963					2	130	13	60	2	111	171	300	2	130	15	10	2	131	6	10					1	9	25	150	609	180	0	1
714	白露衣	6	0	109	964					2	130	13	60	2	111	171	300	2	130	15	10	2	131	6	10					1	9	25	150	609	180	0	1
715	白露装	6	0	110	961					2	130	13	60	2	111	171	300	2	130	15	10	2	131	6	10					1	9	25	150	609	180	0	1
716	白露装	6	0	110	962					2	130	13	60	2	111	171	300	2	130	15	10	2	131	6	10					1	9	25	150	609	180	0	1
717	白露装	6	0	110	963					2	130	13	60	2	111	171	300	2	130	15	10	2	131	6	10					1	9	25	150	609	180	0	1
718	白露装	6	0	110	964					2	130	13	60	2	111	171	300	2	130	15	10	2	131	6	10					1	9	25	150	609	180	0	1
719	芷水冠	6	0	108	833					2	130	14	60	2	111	171	200	2	130	15	10	2	131	6	10					1	9	25	150	610	180	0	1
720	芷水冠	6	0	108	834					2	130	14	60	2	111	171	200	2	130	15	10	2	131	6	10					1	9	25	150	610	180	0	1
721	芷水簪	6	0	108	835					2	130	14	60	2	111	171	200	2	130	15	10	2	131	6	10					1	9	25	150	610	180	0	1
722	芷水簪	6	0	108	836					2	130	14	60	2	111	171	200	2	130	15	10	2	131	6	10					1	9	25	150	610	180	0	1
723	芷水衣	6	0	109	833					2	130	14	60	2	111	171	200	2	130	15	10	2	131	6	10					1	9	25	150	610	180	0	1
724	芷水衣	6	0	109	834					2	130	14	60	2	111	171	200	2	130	15	10	2	131	6	10					1	9	25	150	610	180	0	1
725	芷水衣	6	0	109	835					2	130	14	60	2	111	171	200	2	130	15	10	2	131	6	10					1	9	25	150	610	180	0	1
726	芷水衣	6	0	109	836					2	130	14	60	2	111	171	200	2	130	15	10	2	131	6	10					1	9	25	150	610	180	0	1
727	芷水装	6	0	110	833					2	130	14	60	2	111	171	200	2	130	15	10	2	131	6	10					1	9	25	150	610	180	0	1
728	芷水装	6	0	110	834					2	130	14	60	2	111	171	200	2	130	15	10	2	131	6	10					1	9	25	150	610	180	0	1
729	芷水裙	6	0	110	835					2	130	14	60	2	111	171	200	2	130	15	10	2	131	6	10					1	9	25	150	610	180	0	1
730	芷水裙	6	0	110	836					2	130	14	60	2	111	171	200	2	130	15	10	2	131	6	10					1	9	25	150	610	180	0	1
731	潜龙头巾	6	0	108	837					2	130	14	60	2	111	171	200	2	130	15	10	2	131	6	10					1	9	25	150	611	180	0	1
732	潜龙头巾	6	0	108	838					2	130	14	60	2	111	171	200	2	130	15	10	2	131	6	10					1	9	25	150	611	180	0	1
733	潜龙头巾	6	0	108	839					2	130	14	60	2	111	171	200	2	130	15	10	2	131	6	10					1	9	25	150	611	180	0	1
734	潜龙头巾	6	0	108	840					2	130	14	60	2	111	171	200	2	130	15	10	2	131	6	10					1	9	25	150	611	180	0	1
735	潜龙衣	6	0	109	837					2	130	14	60	2	111	171	200	2	130	15	10	2	131	6	10					1	9	25	150	611	180	0	1
736	潜龙衣	6	0	109	838					2	130	14	60	2	111	171	200	2	130	15	10	2	131	6	10					1	9	25	150	611	180	0	1
737	潜龙衣	6	0	109	839					2	130	14	60	2	111	171	200	2	130	15	10	2	131	6	10					1	9	25	150	611	180	0	1
738	潜龙衣	6	0	109	840					2	130	14	60	2	111	171	200	2	130	15	10	2	131	6	10					1	9	25	150	611	180	0	1
739	潜龙装	6	0	110	837					2	130	14	60	2	111	171	200	2	130	15	10	2	131	6	10					1	9	25	150	611	180	0	1
740	潜龙装	6	0	110	838					2	130	14	60	2	111	171	200	2	130	15	10	2	131	6	10					1	9	25	150	611	180	0	1
741	潜龙裙	6	0	110	839					2	130	14	60	2	111	171	200	2	130	15	10	2	131	6	10					1	9	25	150	611	180	0	1
742	潜龙裙	6	0	110	840					2	130	14	60	2	111	171	200	2	130	15	10	2	131	6	10					1	9	25	150	611	180	0	1
743	三清冠	6	0	108	841					2	130	14	60	2	111	171	200	2	130	15	10	2	131	6	10					1	9	25	150	612	180	0	1
744	三清冠	6	0	108	842					2	130	14	60	2	111	171	200	2	130	15	10	2	131	6	10					1	9	25	150	612	180	0	1
745	三清簪	6	0	108	843					2	130	14	60	2	111	171	200	2	130	15	10	2	131	6	10					1	9	25	150	612	180	0	1
746	三清簪	6	0	108	844					2	130	14	60	2	111	171	200	2	130	15	10	2	131	6	10					1	9	25	150	612	180	0	1
747	三清衣	6	0	109	841					2	130	14	60	2	111	171	200	2	130	15	10	2	131	6	10					1	9	25	150	612	180	0	1
748	三清衣	6	0	109	842					2	130	14	60	2	111	171	200	2	130	15	10	2	131	6	10					1	9	25	150	612	180	0	1
749	三清衣	6	0	109	843					2	130	14	60	2	111	171	200	2	130	15	10	2	131	6	10					1	9	25	150	612	180	0	1
750	三清衣	6	0	109	844					2	130	14	60	2	111	171	200	2	130	15	10	2	131	6	10					1	9	25	150	612	180	0	1
751	三清袍	6	0	110	841					2	130	14	60	2	111	171	200	2	130	15	10	2	131	6	10					1	9	25	150	612	180	0	1
752	三清袍	6	0	110	842					2	130	14	60	2	111	171	200	2	130	15	10	2	131	6	10					1	9	25	150	612	180	0	1
753	三清袍	6	0	110	843					2	130	14	60	2	111	171	200	2	130	15	10	2	131	6	10					1	9	25	150	612	180	0	1
754	三清袍	6	0	110	844					2	130	14	60	2	111	171	200	2	130	15	10	2	131	6	10					1	9	25	150	612	180	0	1
755	梨园冠	6	0	108	845					2	130	14	60	2	111	171	200	2	130	15	10	2	131	6	10					1	9	25	150	613	180	0	1
756	梨园冠	6	0	108	846					2	130	14	60	2	111	171	200	2	130	15	10	2	131	6	10					1	9	25	150	613	180	0	1
757	梨园簪	6	0	108	847					2	130	14	60	2	111	171	200	2	130	15	10	2	131	6	10					1	9	25	150	613	180	0	1
758	梨园簪	6	0	108	848					2	130	14	60	2	111	171	200	2	130	15	10	2	131	6	10					1	9	25	150	613	180	0	1
759	梨园衣	6	0	109	845					2	130	14	60	2	111	171	200	2	130	15	10	2	131	6	10					1	9	25	150	613	180	0	1
760	梨园衣	6	0	109	846					2	130	14	60	2	111	171	200	2	130	15	10	2	131	6	10					1	9	25	150	613	180	0	1
761	梨园衣	6	0	109	847					2	130	14	60	2	111	171	200	2	130	15	10	2	131	6	10					1	9	25	150	613	180	0	1
762	梨园衣	6	0	109	848					2	130	14	60	2	111	171	200	2	130	15	10	2	131	6	10					1	9	25	150	613	180	0	1
763	梨园装	6	0	110	845					2	130	14	60	2	111	171	200	2	130	15	10	2	131	6	10					1	9	25	150	613	180	0	1
764	梨园装	6	0	110	846					2	130	14	60	2	111	171	200	2	130	15	10	2	131	6	10					1	9	25	150	613	180	0	1
765	梨园装	6	0	110	847					2	130	14	60	2	111	171	200	2	130	15	10	2	131	6	10					1	9	25	150	613	180	0	1
766	梨园装	6	0	110	848					2	130	14	60	2	111	171	200	2	130	15	10	2	131	6	10					1	9	25	150	613	180	0	1
767	烽烟盔	6	0	108	849					2	130	14	60	2	111	171	200	2	130	15	10	2	131	6	10					1	9	25	150	614	180	0	1
768	烽烟盔	6	0	108	850					2	130	14	60	2	111	171	200	2	130	15	10	2	131	6	10					1	9	25	150	614	180	0	1
769	烽烟盔	6	0	108	851					2	130	14	60	2	111	171	200	2	130	15	10	2	131	6	10					1	9	25	150	614	180	0	1
770	烽烟盔	6	0	108	852					2	130	14	60	2	111	171	200	2	130	15	10	2	131	6	10					1	9	25	150	614	180	0	1
771	烽烟甲	6	0	109	849					2	130	14	60	2	111	171	200	2	130	15	10	2	131	6	10					1	9	25	150	614	180	0	1
772	烽烟甲	6	0	109	850					2	130	14	60	2	111	171	200	2	130	15	10	2	131	6	10					1	9	25	150	614	180	0	1
773	烽烟甲	6	0	109	851					2	130	14	60	2	111	171	200	2	130	15	10	2	131	6	10					1	9	25	150	614	180	0	1
774	烽烟甲	6	0	109	852					2	130	14	60	2	111	171	200	2	130	15	10	2	131	6	10					1	9	25	150	614	180	0	1
775	烽烟装	6	0	110	849					2	130	14	60	2	111	171	200	2	130	15	10	2	131	6	10					1	9	25	150	614	180	0	1
776	烽烟装	6	0	110	850					2	130	14	60	2	111	171	200	2	130	15	10	2	131	6	10					1	9	25	150	614	180	0	1
777	烽烟装	6	0	110	851					2	130	14	60	2	111	171	200	2	130	15	10	2	131	6	10					1	9	25	150	614	180	0	1
778	烽烟装	6	0	110	852					2	130	14	60	2	111	171	200	2	130	15	10	2	131	6	10					1	9	25	150	614	180	0	1
779	六铢笠	6	0	108	853					2	130	14	60	2	111	171	200	2	130	15	10	2	131	6	10					1	9	25	150	615	180	0	1
780	六铢笠	6	0	108	854					2	130	14	60	2	111	171	200	2	130	15	10	2	131	6	10					1	9	25	150	615	180	0	1
781	六铢笠	6	0	108	855					2	130	14	60	2	111	171	200	2	130	15	10	2	131	6	10					1	9	25	150	615	180	0	1
782	六铢笠	6	0	108	856					2	130	14	60	2	111	171	200	2	130	15	10	2	131	6	10					1	9	25	150	615	180	0	1
783	六铢衣	6	0	109	853					2	130	14	60	2	111	171	200	2	130	15	10	2	131	6	10					1	9	25	150	615	180	0	1
784	六铢衣	6	0	109	854					2	130	14	60	2	111	171	200	2	130	15	10	2	131	6	10					1	9	25	150	615	180	0	1
785	六铢衣	6	0	109	855					2	130	14	60	2	111	171	200	2	130	15	10	2	131	6	10					1	9	25	150	615	180	0	1
786	六铢衣	6	0	109	856					2	130	14	60	2	111	171	200	2	130	15	10	2	131	6	10					1	9	25	150	615	180	0	1
787	六铢装	6	0	110	853					2	130	14	60	2	111	171	200	2	130	15	10	2	131	6	10					1	9	25	150	615	180	0	1
788	六铢装	6	0	110	854					2	130	14	60	2	111	171	200	2	130	15	10	2	131	6	10					1	9	25	150	615	180	0	1
789	六铢装	6	0	110	855					2	130	14	60	2	111	171	200	2	130	15	10	2	131	6	10					1	9	25	150	615	180	0	1
790	六铢装	6	0	110	856					2	130	14	60	2	111	171	200	2	130	15	10	2	131	6	10					1	9	25	150	615	180	0	1
791	昭彰冠	6	0	108	857					2	130	14	60	2	111	171	200	2	130	15	10	2	131	6	10					1	9	25	150	616	180	0	1
792	昭彰冠	6	0	108	858					2	130	14	60	2	111	171	200	2	130	15	10	2	131	6	10					1	9	25	150	616	180	0	1
793	昭彰纱	6	0	108	859					2	130	14	60	2	111	171	200	2	130	15	10	2	131	6	10					1	9	25	150	616	180	0	1
794	昭彰纱	6	0	108	860					2	130	14	60	2	111	171	200	2	130	15	10	2	131	6	10					1	9	25	150	616	180	0	1
795	昭彰衣	6	0	109	857					2	130	14	60	2	111	171	200	2	130	15	10	2	131	6	10					1	9	25	150	616	180	0	1
796	昭彰衣	6	0	109	858					2	130	14	60	2	111	171	200	2	130	15	10	2	131	6	10					1	9	25	150	616	180	0	1
797	昭彰衣	6	0	109	859					2	130	14	60	2	111	171	200	2	130	15	10	2	131	6	10					1	9	25	150	616	180	0	1
798	昭彰衣	6	0	109	860					2	130	14	60	2	111	171	200	2	130	15	10	2	131	6	10					1	9	25	150	616	180	0	1
799	昭彰装	6	0	110	857					2	130	14	60	2	111	171	200	2	130	15	10	2	131	6	10					1	9	25	150	616	180	0	1
800	昭彰装	6	0	110	858					2	130	14	60	2	111	171	200	2	130	15	10	2	131	6	10					1	9	25	150	616	180	0	1
801	昭彰装	6	0	110	859					2	130	14	60	2	111	171	200	2	130	15	10	2	131	6	10					1	9	25	150	616	180	0	1
802	昭彰装	6	0	110	860					2	130	14	60	2	111	171	200	2	130	15	10	2	131	6	10					1	9	25	150	616	180	0	1
803	百毒冠	6	0	108	861					2	130	14	60	2	111	171	200	2	130	15	10	2	131	6	10					1	9	25	150	617	180	0	1
804	百毒冠	6	0	108	862					2	130	14	60	2	111	171	200	2	130	15	10	2	131	6	10					1	9	25	150	617	180	0	1
805	百毒簪	6	0	108	863					2	130	14	60	2	111	171	200	2	130	15	10	2	131	6	10					1	9	25	150	617	180	0	1
806	百毒簪	6	0	108	864					2	130	14	60	2	111	171	200	2	130	15	10	2	131	6	10					1	9	25	150	617	180	0	1
807	百毒衫	6	0	109	861					2	130	14	60	2	111	171	200	2	130	15	10	2	131	6	10					1	9	25	150	617	180	0	1
808	百毒衫	6	0	109	862					2	130	14	60	2	111	171	200	2	130	15	10	2	131	6	10					1	9	25	150	617	180	0	1
809	百毒衫	6	0	109	863					2	130	14	60	2	111	171	200	2	130	15	10	2	131	6	10					1	9	25	150	617	180	0	1
810	百毒衫	6	0	109	864					2	130	14	60	2	111	171	200	2	130	15	10	2	131	6	10					1	9	25	150	617	180	0	1
811	百毒装	6	0	110	861					2	130	14	60	2	111	171	200	2	130	15	10	2	131	6	10					1	9	25	150	617	180	0	1
812	百毒装	6	0	110	862					2	130	14	60	2	111	171	200	2	130	15	10	2	131	6	10					1	9	25	150	617	180	0	1
813	百毒装	6	0	110	863					2	130	14	60	2	111	171	200	2	130	15	10	2	131	6	10					1	9	25	150	617	180	0	1
814	百毒装	6	0	110	864					2	130	14	60	2	111	171	200	2	130	15	10	2	131	6	10					1	9	25	150	617	180	0	1
815	吴钩面具	6	0	108	865					2	130	14	60	2	111	171	200	2	130	15	10	2	131	6	10					1	9	25	150	618	180	0	1
816	吴钩面具	6	0	108	866					2	130	14	60	2	111	171	200	2	130	15	10	2	131	6	10					1	9	25	150	618	180	0	1
817	吴钩面具	6	0	108	867					2	130	14	60	2	111	171	200	2	130	15	10	2	131	6	10					1	9	25	150	618	180	0	1
818	吴钩面具	6	0	108	868					2	130	14	60	2	111	171	200	2	130	15	10	2	131	6	10					1	9	25	150	618	180	0	1
819	吴钩衣	6	0	109	865					2	130	14	60	2	111	171	200	2	130	15	10	2	131	6	10					1	9	25	150	618	180	0	1
820	吴钩衣	6	0	109	866					2	130	14	60	2	111	171	200	2	130	15	10	2	131	6	10					1	9	25	150	618	180	0	1
821	吴钩衣	6	0	109	867					2	130	14	60	2	111	171	200	2	130	15	10	2	131	6	10					1	9	25	150	618	180	0	1
822	吴钩衣	6	0	109	868					2	130	14	60	2	111	171	200	2	130	15	10	2	131	6	10					1	9	25	150	618	180	0	1
823	吴钩裤	6	0	110	865					2	130	14	60	2	111	171	200	2	130	15	10	2	131	6	10					1	9	25	150	618	180	0	1
824	吴钩裤	6	0	110	866					2	130	14	60	2	111	171	200	2	130	15	10	2	131	6	10					1	9	25	150	618	180	0	1
825	吴钩装	6	0	110	867					2	130	14	60	2	111	171	200	2	130	15	10	2	131	6	10					1	9	25	150	618	180	0	1
826	吴钩装	6	0	110	868					2	130	14	60	2	111	171	200	2	130	15	10	2	131	6	10					1	9	25	150	618	180	0	1
827	琼楼冠	6	0	108	869					2	130	14	60	2	111	171	200	2	130	15	10	2	131	6	10					1	9	25	150	619	180	0	1
828	琼楼冠	6	0	108	870					2	130	14	60	2	111	171	200	2	130	15	10	2	131	6	10					1	9	25	150	619	180	0	1
829	琼楼簪	6	0	108	871					2	130	14	60	2	111	171	200	2	130	15	10	2	131	6	10					1	9	25	150	619	180	0	1
830	琼楼簪	6	0	108	872					2	130	14	60	2	111	171	200	2	130	15	10	2	131	6	10					1	9	25	150	619	180	0	1
831	琼楼衫	6	0	109	869					2	130	14	60	2	111	171	200	2	130	15	10	2	131	6	10					1	9	25	150	619	180	0	1
832	琼楼衫	6	0	109	870					2	130	14	60	2	111	171	200	2	130	15	10	2	131	6	10					1	9	25	150	619	180	0	1
833	琼楼衫	6	0	109	871					2	130	14	60	2	111	171	200	2	130	15	10	2	131	6	10					1	9	25	150	619	180	0	1
834	琼楼衫	6	0	109	872					2	130	14	60	2	111	171	200	2	130	15	10	2	131	6	10					1	9	25	150	619	180	0	1
835	琼楼装	6	0	110	869					2	130	14	60	2	111	171	200	2	130	15	10	2	131	6	10					1	9	25	150	619	180	0	1
836	琼楼装	6	0	110	870					2	130	14	60	2	111	171	200	2	130	15	10	2	131	6	10					1	9	25	150	619	180	0	1
837	琼楼装	6	0	110	871					2	130	14	60	2	111	171	200	2	130	15	10	2	131	6	10					1	9	25	150	619	180	0	1
838	琼楼装	6	0	110	872					2	130	14	60	2	111	171	200	2	130	15	10	2	131	6	10					1	9	25	150	619	180	0	1
839	千岩月落冠	6	0	108	981					2	131	28	20	2	111	171	300	2	131	83	5	2	131	6	10					1	9	35	0	620	180	0	1
840	千岩月落冠	6	0	108	982					2	131	28	20	2	111	171	300	2	131	83	5	2	131	6	10					1	9	35	0	620	180	0	1
841	千岩月落簪	6	0	108	983					2	131	29	20	2	111	171	300	2	131	83	5	2	131	6	10					1	9	35	0	620	180	0	1
842	千岩月落簪	6	0	108	984					2	131	29	20	2	111	171	300	2	131	83	5	2	131	6	10					1	9	35	0	620	180	0	1
843	千岩月落衣	6	0	109	981					2	131	28	20	2	111	171	300	2	131	83	5	2	131	6	10					1	9	35	0	620	180	0	1
844	千岩月落衣	6	0	109	982					2	131	28	20	2	111	171	300	2	131	83	5	2	131	6	10					1	9	35	0	620	180	0	1
845	千岩月落衣	6	0	109	983					2	131	29	20	2	111	171	300	2	131	83	5	2	131	6	10					1	9	35	0	620	180	0	1
846	千岩月落衣	6	0	109	984					2	131	29	20	2	111	171	300	2	131	83	5	2	131	6	10					1	9	35	0	620	180	0	1
847	千岩月落装	6	0	110	981					2	131	28	20	2	111	171	300	2	131	83	5	2	131	6	10					1	9	35	0	620	180	0	1
848	千岩月落装	6	0	110	982					2	131	28	20	2	111	171	300	2	131	83	5	2	131	6	10					1	9	35	0	620	180	0	1
849	千岩月落裙	6	0	110	983					2	131	29	20	2	111	171	300	2	131	83	5	2	131	6	10					1	9	35	0	620	180	0	1
850	千岩月落裙	6	0	110	984					2	131	29	20	2	111	171	300	2	131	83	5	2	131	6	10					1	9	35	0	620	180	0	1
																																					
																																					
																																					
																																					
																																					
																																					
																																					
																																					
																																					
																																					
861	窝头	7	1	1	1																									0	1	1	0	201	36	0	1
862	军用物资	7	2	97	1					2	0	307	15																	0	1	0	0	201	36	0	1
863	黑钨精石	7	2	2	66					2	2	37	20	2	8	7	5													0	1	0	0	201	36	0	1
864	铁线精木	7	2	2	67					2	2	11	20	2	10	2	5													0	1	0	0	201	36	0	1
865	山狮精皮	7	2	2	68					2	2	47	20	2	9	7	5													0	1	0	0	201	36	0	1
866	赤钨灵符	7	2	2	69					2	1	912	5	2	2	14	5													0	1	0	0	201	36	0	1
867	饭团	7	1	1	2					1	3	9	2	1	3	8	4													0	2	2	2	202	36	0	1
868	馒头	7	1	1	3					1	3	10	2	1	3	20	2	1	3	8	4									0	2	2	2	202	36	0	1
869	素炒竹肉	7	1	1	6					1	3	9	2	1	3	19	2	1	3	8	2									0	2	2	2	202	36	0	1
870	家常四季豆	7	1	1	7					1	3	11	2	1	3	21	2	1	3	8	2									0	2	2	2	202	36	0	1
871	烧刀子	7	1	1	10					1	3	5	2	1	3	19	2	1	3	8	2									0	2	2	2	202	36	0	1
872	女儿红	7	1	1	11					1	3	5	2	1	3	20	2	1	3	19	2	1	3	8	2					0	2	2	2	202	36	0	1
873	花卷	7	1	1	4					1	3	12	2	1	3	22	2	1	3	11	1	1	3	8	2					0	5	3	10	203	36	0	1
874	肉包	7	1	1	5	1	0	411	20	1	3	14	2	1	3	2	2	1	3	8	4									0	5	3	10	203	36	0	1
875	炒豌豆角	7	1	1	8					1	3	13	2	1	3	12	4	1	3	8	2									0	5	3	10	203	36	0	1
876	蒜茸生菜	7	1	1	9					1	3	15	2	1	3	14	2	1	3	13	1	1	3	24	2					0	5	3	10	203	36	0	1
877	稻花香	7	1	1	12					1	3	12	2	1	3	22	2	1	3	21	1	1	3	7	2					0	5	3	10	203	36	0	1
878	醉生梦死	7	1	1	13					1	3	14	2	1	3	13	2	1	3	22	1	1	3	7	2					0	5	3	10	203	36	0	1
879	鱼露	7	2	131	9					2	130	4	2	2	130	5	2	2	130	6	1	1	3	8	2					0	5	3	10	203	36	0	1
880	蛋炒饭	7	1	1	14					1	3	16	2	1	3	15	2	1	3	14	1	2	131	81	2					0	7	5	20	204	36	0	1
881	黄金糕	7	1	1	15					1	3	16	2	1	3	13	3	2	131	81	2									0	7	5	20	204	36	0	1
882	玉笛谁家听落梅	7	1	1	16					1	3	15	2	1	3	14	2	1	3	4	1	2	131	81	2					0	7	5	20	204	36	0	1
883	二十四桥明月夜	7	1	1	17					1	3	17	2	1	3	4	1	1	3	15	1	2	131	81	2					0	7	5	20	204	36	0	1
884	木兰春	7	1	1	18					1	3	17	2	1	3	16	2	1	2	5	1	1	3	7	2					0	7	5	20	204	36	0	1
885	西北望	7	1	1	19					1	3	17	2	1	3	16	2	1	2	5	1	1	3	7	2					0	7	5	20	204	36	0	1
886	饴糖	7	2	131	11	2	131	12	20	1	3	13	2	1	3	16	2	2	130	19	1	1	3	7	2					0	7	5	20	204	36	0	1
887	红烧鱼丸	7	1	1	20					1	1	14	12	2	95	1507	1													0	7	5	20	204	36	0	1
888	什锦豆腐	7	1	1	21					1	1	9	12	2	95	1507	1													0	9	5	25	205	36	0	1
889	陈年杏花村	7	1	1	22					1	1	13	12	2	95	1507	1													0	9	5	25	205	36	0	1
890	黄金烧卖	7	1	1	23					1	1	15	12	2	95	1507	1													0	9	5	25	205	36	0	1
891	熊掌豆腐	7	1	1	24					1	1	16	12	2	95	1507	1													0	9	5	25	205	36	0	1
892	迎宾宴甲	7	1	1	25					1	1	14	60	2	95	1507	5													0	9	5	25	205	36	0	1
893	迎宾宴乙	7	1	1	25					1	1	9	60	2	95	1507	5													0	9	5	25	205	36	0	1
894	迎宾宴丙	7	1	1	25					1	1	13	60	2	95	1507	5													0	9	5	25	205	36	0	1
895	金猪全席	7	1	1	26					1	1	15	10	1	1	16	10	1	1	18	10	2	95	1507	10					0	9	5	25	205	36	0	1
896	孔府佳宴	7	1	1	27					1	1	15	10	1	1	17	10	1	1	19	10	2	95	1507	10					0	9	5	25	205	36	0	1
897	珍品粽子甲	7	1	0	287					1	0	289	10	1	0	291	10	2	95	1509	3									0	9	5	25	205	36	0	1
898	珍品粽子乙	7	1	0	287					1	0	290	5	1	0	291	10	2	95	1509	3									0	9	5	25	205	36	0	1
899	珍品粽子丙	7	1	0	287					1	0	291	15	2	95	1509	3													0	9	5	25	205	36	0	1
900	百花什锦月	7	1	0	292					2	130	21	5	2	131	13	1	2	130	20	5	2	95	1509	10					0	9	5	25	205	36	0	1
901	珍品月饼	7	1	0	293					1	0	292	3	2	95	1509	3													0	9	5	25	205	36	0	1
902	鹿鸣宴	7	1	0	401					1	1	22	1	2	130	20	4	2	131	11	1	2	131	49	1					0	9	10	30	205	36	0	1
903	杏园宴	7	1	0	402					1	1	22	1	2	130	22	4	2	131	12	1	2	131	50	1					0	9	10	35	205	36	0	1
904	荣恩宴	7	1	0	403					1	1	22	1	2	131	12	3	2	131	9	4	2	131	51	1					0	9	10	40	205	36	0	1
905	琼林宴	7	1	0	404					1	1	21	1	2	130	21	4	2	131	11	1	2	131	49	1					0	9	10	30	205	36	0	1
906	曲江宴	7	1	0	405					1	1	21	1	2	131	12	1	2	130	20	4	2	131	50	1					0	9	10	35	205	36	0	1
907	闻喜宴	7	1	0	406					1	1	24	1	2	131	9	4	2	131	12	3	2	131	51	1					0	9	10	40	205	36	0	1
908	鹰扬宴	7	1	0	407					1	1	20	1	2	130	20	4	2	131	11	1	2	131	49	1					0	9	10	30	205	36	0	1
909	会武宴	7	1	0	408					1	1	20	1	2	131	12	1	2	130	21	4	2	131	50	1					0	9	10	35	205	36	0	1
910	烧尾宴	7	1	0	409					1	1	23	1	2	131	9	4	2	131	12	3	2	131	51	1					0	9	10	40	205	36	0	1
911	绝品粽子甲	7	1	0	300					1	0	301	10	1	0	303	10	2	95	1509	1									0	9	10	25	205	36	0	1
912	绝品粽子乙	7	1	0	300					1	0	302	5	1	0	303	10	2	95	1509	1									0	9	10	25	205	36	0	1
913	绝品粽子丙	7	1	0	300					1	0	303	15	2	95	1509	1													0	9	10	25	205	36	0	1
914	珍品月饼	7	1	0	293					1	0	292	3	2	95	1509	3													0	9	5	25	205	36	0	1
