ItemIndex	BodyType	GroupName	GDP	SellType	SellPrices	PopPrice	GiftPrice	Not4Sale	Charm
1	1	Thiˆn Âm Trang	0;108;562	7	1;1;1	10			
1	2		0;108;563	7	1;1;1	10			
1	3		0;108;564	7	1;1;1	10			
1	4		0;108;565	7	1;1;1	10			
2	1		0;109;562	7	1;1;1	10			
2	2		0;109;563	7	1;1;1	10			
2	3		0;109;564	7	1;1;1	10			
2	4		0;109;565	7	1;1;1	10			
3	1		0;110;562	7	1;1;1	10			
3	2		0;110;563	7	1;1;1	10			
3	3		0;110;564	7	1;1;1	10			
3	4		0;110;565	7	1;1;1	10			
4	1	ThiÆu DÙ˜ng ph¶c	0;108;566	7	1;1;1	10			
4	2		0;108;567	7	1;1;1	10			
4	3		0;108;568	7	1;1;1	10			
4	4		0;108;569	7	1;1;1	10			
5	1		0;109;566	7	1;1;1	10			
5	2		0;109;567	7	1;1;1	10			
5	3		0;109;568	7	1;1;1	10			
5	4		0;109;569	7	1;1;1	10			
6	1		0;110;566	7	1;1;1	10			
6	2		0;110;567	7	1;1;1	10			
6	3		0;110;568	7	1;1;1	10			
6	4		0;110;569	7	1;1;1	10			
7	1	V´n S— Trang	0;108;570	7	1;1;1	10			
7	2		0;108;571	7	1;1;1	10			
7	3		0;108;572	7	1;1;1	10			
7	4		0;108;573	7	1;1;1	10			
8	1		0;109;570	7	1;1;1	10			
8	2		0;109;571	7	1;1;1	10			
8	3		0;109;572	7	1;1;1	10			
8	4		0;109;573	7	1;1;1	10			
9	1		0;110;570	7	1;1;1	10			
9	2		0;110;571	7	1;1;1	10			
9	3		0;110;572	7	1;1;1	10			
9	4		0;110;573	7	1;1;1	10			
10	1	T½ Linh Trang (vçng)	0;108;30001	7	1;1;1	10			
10	2		0;108;30002	7	1;1;1	10			
10	3		0;108;30003	7	1;1;1	10			
10	4		0;108;30004	7	1;1;1	10			
11	1		0;109;30001	7	1;1;1	10			
11	2		0;109;30002	7	1;1;1	10			
11	3		0;109;30003	7	1;1;1	10			
11	4		0;109;30004	7	1;1;1	10			
12	1		0;110;30001	7	1;1;1	10			
12	2		0;110;30002	7	1;1;1	10			
12	3		0;110;30003	7	1;1;1	10			
12	4		0;110;30004	7	1;1;1	10			
13	1	T½ Linh Trang (Tïm)	0;108;30005	7	1;1;1	10			
13	2		0;108;30006	7	1;1;1	10			
13	3		0;108;30007	7	1;1;1	10			
13	4		0;108;30008	7	1;1;1	10			
14	1		0;109;30005	7	1;1;1	10			
14	2		0;109;30006	7	1;1;1	10			
14	3		0;109;30007	7	1;1;1	10			
14	4		0;109;30008	7	1;1;1	10			
15	1		0;110;30005	7	1;1;1	10			
15	2		0;110;30006	7	1;1;1	10			
15	3		0;110;30007	7	1;1;1	10			
15	4		0;110;30008	7	1;1;1	10			
16	1	T½ Linh Trang (lam)	0;108;30009	7	1;1;1	10			
16	2		0;108;30010	7	1;1;1	10			
16	3		0;108;30011	7	1;1;1	10			
16	4		0;108;30012	7	1;1;1	10			
17	1		0;109;30009	7	1;1;1	10			
17	2		0;109;30010	7	1;1;1	10			
17	3		0;109;30011	7	1;1;1	10			
17	4		0;109;30012	7	1;1;1	10			
18	1		0;110;30009	7	1;1;1	10			
18	2		0;110;30010	7	1;1;1	10			
18	3		0;110;30011	7	1;1;1	10			
18	4		0;110;30012	7	1;1;1	10			
19	1	B¿ch Kim Trang	0;108;30013	7	1;1;1	10			
19	2		0;108;30014	7	1;1;1	10			
19	3		0;108;30015	7	1;1;1	10			
19	4		0;108;30016	7	1;1;1	10			
20	1		0;109;30013	7	1;1;1	10			
20	2		0;109;30014	7	1;1;1	10			
20	3		0;109;30015	7	1;1;1	10			
20	4		0;109;30016	7	1;1;1	10			
21	1		0;110;30013	7	1;1;1	10			
21	2		0;110;30014	7	1;1;1	10			
21	3		0;110;30015	7	1;1;1	10			
21	4		0;110;30016	7	1;1;1	10			
22	1	Tinh Khƒc Trang	0;108;30017	7	1;1;1	10			
22	2		0;108;30018	7	1;1;1	10			
22	3		0;108;30019	7	1;1;1	10			
22	4		0;108;30020	7	1;1;1	10			
23	1		0;109;30017	7	1;1;1	10			
23	2		0;109;30018	7	1;1;1	10			
23	3		0;109;30019	7	1;1;1	10			
23	4		0;109;30020	7	1;1;1	10			
24	1		0;110;30017	7	1;1;1	10			
24	2		0;110;30018	7	1;1;1	10			
24	3		0;110;30019	7	1;1;1	10			
24	4		0;110;30020	7	1;1;1	10			
25	1	Thiˆn NghÉa Trang	0;108;30021	7	1;1;1	10			
25	2		0;108;30022	7	1;1;1	10			
25	3		0;108;30023	7	1;1;1	10			
25	4		0;108;30024	7	1;1;1	10			
26	1		0;109;30021	7	1;1;1	10			
26	2		0;109;30022	7	1;1;1	10			
26	3		0;109;30023	7	1;1;1	10			
26	4		0;109;30024	7	1;1;1	10			
27	1		0;110;30021	7	1;1;1	10			
27	2		0;110;30022	7	1;1;1	10			
27	3		0;110;30023	7	1;1;1	10			
27	4		0;110;30024	7	1;1;1	10			
28	1	C—u Chˋu Trang	0;108;30025	7	1;1;1	10			
28	2		0;108;30026	7	1;1;1	10			
28	3		0;108;30027	7	1;1;1	10			
28	4		0;108;30028	7	1;1;1	10			
29	1		0;109;30025	7	1;1;1	10			
29	2		0;109;30026	7	1;1;1	10			
29	3		0;109;30027	7	1;1;1	10			
29	4		0;109;30028	7	1;1;1	10			
30	1		0;110;30025	7	1;1;1	10			
30	2		0;110;30026	7	1;1;1	10			
30	3		0;110;30027	7	1;1;1	10			
30	4		0;110;30028	7	1;1;1	10			
31	1	Thòt Tßch Trang	0;108;30029	7	1;1;1	10			
31	2		0;108;30030	7	1;1;1	10			
31	3		0;108;30031	7	1;1;1	10			
31	4		0;108;30032	7	1;1;1	10			
32	1		0;109;30029	7	1;1;1	10			
32	2		0;109;30030	7	1;1;1	10			
32	3		0;109;30031	7	1;1;1	10			
32	4		0;109;30032	7	1;1;1	10			
33	1		0;110;30029	7	1;1;1	10			
33	2		0;110;30030	7	1;1;1	10			
33	3		0;110;30031	7	1;1;1	10			
33	4		0;110;30032	7	1;1;1	10			
34	1	HÍng Sˋm trang	0;108;630	7	1;1;1	10			
34	2		0;108;631	7	1;1;1	10			
34	3		0;108;632	7	1;1;1	10			
34	4		0;108;633	7	1;1;1	10			
35	1		0;109;630	7	1;1;1	10			
35	2		0;109;631	7	1;1;1	10			
35	3		0;109;632	7	1;1;1	10			
35	4		0;109;633	7	1;1;1	10			
36	1		0;110;630	7	1;1;1	10			
36	2		0;110;631	7	1;1;1	10			
36	3		0;110;632	7	1;1;1	10			
36	4		0;110;633	7	1;1;1	10			
37	1	ChÄ Tµy Kim Mˆ trang 	0;108;618	7	1;1;1	10			
37	2		0;108;619	7	1;1;1	10			
37	3		0;108;620	7	1;1;1	10			
37	4		0;108;621	7	1;1;1	10			
38	1		0;109;618	7	1;1;1	10			
38	2		0;109;619	7	1;1;1	10			
38	3		0;109;620	7	1;1;1	10			
38	4		0;109;621	7	1;1;1	10			
39	1		0;110;618	7	1;1;1	10			
39	2		0;110;619	7	1;1;1	10			
39	3		0;110;620	7	1;1;1	10			
39	4		0;110;621	7	1;1;1	10			
40	1	Thiˆn Ba Trang	0;108;676	7	1;1;1	10			
40	2		0;108;677	7	1;1;1	10			
40	3		0;108;678	7	1;1;1	10			
40	4		0;108;679	7	1;1;1	10			
41	1		0;109;676	7	1;1;1	10			
41	2		0;109;677	7	1;1;1	10			
41	3		0;109;678	7	1;1;1	10			
41	4		0;109;679	7	1;1;1	10			
42	1		0;110;676	7	1;1;1	10			
42	2		0;110;677	7	1;1;1	10			
42	3		0;110;678	7	1;1;1	10			
42	4		0;110;679	7	1;1;1	10			
43	1	Tˋn Niˆn Trang	0;108;30033	7	1;1;1	10			
43	2		0;108;30034	7	1;1;1	10			
43	3		0;108;30035	7	1;1;1	10			
43	4		0;108;30036	7	1;1;1	10			
44	1		0;109;30033	7	1;1;1	10			
44	2		0;109;30034	7	1;1;1	10			
44	3		0;109;30035	7	1;1;1	10			
44	4		0;109;30036	7	1;1;1	10			
45	1		0;110;30033	7	1;1;1	10			
45	2		0;110;30034	7	1;1;1	10			
45	3		0;110;30035	7	1;1;1	10			
45	4		0;110;30036	7	1;1;1	10			
46	1	ChuyÆn Sinh Y	0;108;514	7	1;1;1	10			
47	1		0;109;514	7	1;1;1	10			
48	1		0;110;514	7	1;1;1	10			
46	2	ChuyÆn Sinh Y	0;108;515	7	1;1;1	10			
47	2		0;109;515	7	1;1;1	10			
48	2		0;110;515	7	1;1;1	10			
46	3	ChuyÆn Sinh Y	0;108;516	7	1;1;1	10			
47	3		0;109;516	7	1;1;1	10			
48	3		0;110;516	7	1;1;1	10			
46	4	ChuyÆn Sinh Y	0;108;517	7	1;1;1	10			
47	4		0;109;517	7	1;1;1	10			
48	4		0;110;517	7	1;1;1	10			
49	3	Linh Lung Trang (ÛÃ)	0;108;207	7	1;1;1	10			
49	4		0;108;213	7	1;1;1	10			
50	3		0;109;281	7	1;1;1	10			
50	4		0;109;287	7	1;1;1	10			
51	3		0;110;281	7	1;1;1	10			
51	4		0;110;287	7	1;1;1	10			
52	3	Linh Lung Trang (vçng)	0;108;208	7	1;1;1	10			
52	4		0;108;214	7	1;1;1	10			
53	3		0;109;282	7	1;1;1	10			
53	4		0;109;288	7	1;1;1	10			
54	3		0;110;282	7	1;1;1	10			
54	4		0;110;288	7	1;1;1	10			
55	3	Linh Lung Trang (hÍng)	0;108;209	7	1;1;1	10			
55	4		0;108;215	7	1;1;1	10			
56	3		0;109;283	7	1;1;1	10			
56	4		0;109;289	7	1;1;1	10			
57	3		0;110;283	7	1;1;1	10			
57	4		0;110;289	7	1;1;1	10			
58	3	Linh Lung Trang (tïm)	0;108;210	7	1;1;1	10			
58	4		0;108;216	7	1;1;1	10			
59	3		0;109;284	7	1;1;1	10			
59	4		0;109;290	7	1;1;1	10			
60	3		0;110;284	7	1;1;1	10			
60	4		0;110;290	7	1;1;1	10			
61	3	Linh Lung Trang (lam)	0;108;211	7	1;1;1	10			
61	4		0;108;217	7	1;1;1	10			
62	3		0;109;285	7	1;1;1	10			
62	4		0;109;291	7	1;1;1	10			
63	3		0;110;285	7	1;1;1	10			
63	4		0;110;291	7	1;1;1	10			
64	3	Linh Lung Trang (l¶c)	0;108;212	7	1;1;1	10			
64	4		0;108;218	7	1;1;1	10			
65	3		0;109;286	7	1;1;1	10			
65	4		0;109;292	7	1;1;1	10			
66	3		0;110;286	7	1;1;1	10			
66	4		0;110;292	7	1;1;1	10			
67	1	Tuí Thþ bço	0;108;139	7	1;1;1	10			
68	1		0;109;185	7	1;1;1	10			
69	1		0;110;81	7	1;1;1	10			
67	2	Chïnh SÐc gi¡p	0;108;140	7	1;1;1	10			
68	2		0;109;186	7	1;1;1	10			
69	2		0;110;82	7	1;1;1	10			
67	3	Tˋn Chïnh Ï¿i	0;108;141	7	1;1;1	10			
68	3		0;109;187	7	1;1;1	10			
69	3		0;110;83	7	1;1;1	10			
67	4	Nguyˆn Chïnh thÙõng	0;108;142	7	1;1;1	10			
68	4		0;109;188	7	1;1;1	10			
69	4		0;110;84	7	1;1;1	10			
70	1	Thu Thi bço	0;108;195	7	1;1;1	10			
71	1		0;109;255	7	1;1;1	10			
72	1		0;110;85	7	1;1;1	10			
70	2	Ï¨ng Hçn gi¡p	0;108;196	7	1;1;1	10			
71	2		0;109;256	7	1;1;1	10			
72	2		0;110;86	7	1;1;1	10			
70	3	H¿ Vinh trang	0;108;197	7	1;1;1	10			
71	3		0;109;257	7	1;1;1	10			
72	3		0;110;87	7	1;1;1	10			
70	4	Xuˋn Noñn thÙõng	0;108;198	7	1;1;1	10			
71	4		0;109;258	7	1;1;1	10			
72	4		0;110;88	7	1;1;1	10			
73	1	Bço ÏÙõng BÑo Y	0;108;510	7	1;1;1	10			
74	1		0;109;510	7	1;1;1	10			
75	1		0;110;510	7	1;1;1	10			
73	2	BÑo Tiˆu Chiín Y	0;108;511	7	1;1;1	10			
74	2		0;109;511	7	1;1;1	10			
75	2		0;110;511	7	1;1;1	10			
73	3	V· Ïiøp Tµ Trang	0;108;513	7	1;1;1	10			
74	3		0;109;513	7	1;1;1	10			
75	3		0;110;513	7	1;1;1	10			
73	4	Hçm Yˆn Tµ Trang	0;108;512	7	1;1;1	10			
74	4		0;109;512	7	1;1;1	10			
75	4		0;110;512	7	1;1;1	10			
76	1	TÒ Ngˋn Bço	0;108;526	7	1;1;1	10			
77	1		0;109;526	7	1;1;1	10			
78	1		0;110;526	7	1;1;1	10			
76	2	Xïch Luyøn Gi¡p Y	0;108;527	7	1;1;1	10			
77	2		0;109;527	7	1;1;1	10			
78	2		0;110;527	7	1;1;1	10			
76	3	Ngðc Thoa V· Y	0;108;528	7	1;1;1	10			
77	3		0;109;528	7	1;1;1	10			
78	3		0;110;528	7	1;1;1	10			
76	4	Ï¿i Yˆn Nghˆ ThÙõng	0;108;529	7	1;1;1	10			
77	4		0;109;529	7	1;1;1	10			
78	4		0;110;529	7	1;1;1	10			
79	1	Gi¡ng T— Bço	0;108;522	7	1;1;1	10			
80	1		0;109;522	7	1;1;1	10			
81	1		0;110;522	7	1;1;1	10			
79	2	LÙu Kim Gi¡p Y	0;108;523	7	1;1;1	10			
80	2		0;109;523	7	1;1;1	10			
81	2		0;110;523	7	1;1;1	10			
79	3	Song Ï¿i V· ThÙõng.	0;108;524	7	1;1;1	10			
80	3		0;109;524	7	1;1;1	10			
81	3		0;110;524	7	1;1;1	10			
79	4	Ph¶ng V· Nghˆ Sa	0;108;525	7	1;1;1	10			
80	4		0;109;525	7	1;1;1	10			
81	4		0;110;525	7	1;1;1	10			
82	1	Thòt Thún Y	0;108;518	7	1;1;1	10			
83	1		0;109;518	7	1;1;1	10			
84	1		0;110;518	7	1;1;1	10			
82	2	Long Lˋn Ê Kim Gi¡p	0;108;519	7	1;1;1	10			
83	2		0;109;519	7	1;1;1	10			
84	2		0;110;519	7	1;1;1	10			
82	3	L¶c Oanh V· Y	0;108;520	7	1;1;1	10			
83	3		0;109;520	7	1;1;1	10			
84	3		0;110;520	7	1;1;1	10			
82	4	Doanh V· ThÙõng	0;108;521	7	1;1;1	10			
83	4		0;109;521	7	1;1;1	10			
84	4		0;110;521	7	1;1;1	10			
85	1	Kiím Tuyøt y	0;108;135	7	1;1;1	10			
86	1		0;109;181	7	1;1;1	10			
87	1		0;110;77	7	1;1;1	10			
85	2	Hiøp Khiíu gi¡p	0;108;136	7	1;1;1	10			
86	2		0;109;182	7	1;1;1	10			
87	2		0;110;78	7	1;1;1	10			
85	3	Tænh Hinh ThÙõng	0;108;137	7	1;1;1	10			
86	3		0;109;183	7	1;1;1	10			
87	3		0;110;79	7	1;1;1	10			
85	4	Duyˆn Doanh ThÙõng	0;108;138	7	1;1;1	10			
86	4		0;109;184	7	1;1;1	10			
87	4		0;110;80	7	1;1;1	10			
88	1	S˜n Qu« huyít y	0;108;17	7	1;1;1	10			
89	1		0;109;17	7	1;1;1	10			
90	1		0;110;17	7	1;1;1	10			
88	2	Long B¡ Ê kim y	0;108;36	7	1;1;1	10			
89	2		0;109;36	7	1;1;1	10			
90	2		0;110;36	7	1;1;1	10			
88	3	Phi Thiˆn Th¡i ThÙõng	0;108;54	7	1;1;1	10			
89	3		0;109;54	7	1;1;1	10			
90	3		0;110;54	7	1;1;1	10			
88	4	Ng· Sƒc Nghˆ ThÙõng	0;108;72	7	1;1;1	10			
89	4		0;109;72	7	1;1;1	10			
90	4		0;110;72	7	1;1;1	10			
91	1	B´ng Tçm Trÿ sam	0;108;16	7	1;1;1	10			
92	1		0;109;16	7	1;1;1	10			
93	1		0;110;16	7	1;1;1	10			
91	2	Huyít Hç Qu« VÙ˜ng gi¡p	0;108;35	7	1;1;1	10			
92	2		0;109;35	7	1;1;1	10			
93	2		0;110;35	7	1;1;1	10			
91	3	Thiˆn y	0;108;53	7	1;1;1	10			
92	3		0;109;53	7	1;1;1	10			
93	3		0;110;53	7	1;1;1	10			
91	4	V¨ Song Ïòu y	0;108;71	7	1;1;1	10			
92	4		0;109;71	7	1;1;1	10			
93	4		0;110;71	7	1;1;1	10			
94	1	Thiˆn Lang y	0;108;15	7	1;1;1	10			
95	1		0;109;15	7	1;1;1	10			
96	1		0;110;15	7	1;1;1	10			
94	2	Tinh Cang HuyØn Kim gi¡p	0;108;33	7	1;1;1	10			
95	2		0;109;33	7	1;1;1	10			
96	2		0;110;33	7	1;1;1	10			
94	3	Nghˆ ThÙõng V· y	0;108;52	7	1;1;1	10			
95	3		0;109;52	7	1;1;1	10			
96	3		0;110;52	7	1;1;1	10			
94	4	Càm Vˋn ThÙõng	0;108;70	7	1;1;1	10			
95	4		0;109;70	7	1;1;1	10			
96	4		0;110;70	7	1;1;1	10			
97	1	Xïch Long bço	0;108;14	7	1;1;1	10			
98	1		0;109;14	7	1;1;1	10			
99	1		0;110;14	7	1;1;1	10			
97	2	L¨i Ngˋn Gi¡p	0;108;32	7	1;1;1	10			
98	2		0;109;32	7	1;1;1	10			
99	2		0;110;32	7	1;1;1	10			
97	3	Minh Quang gi¡p	0;108;51	7	1;1;1	10			
98	3		0;109;51	7	1;1;1	10			
99	3		0;110;51	7	1;1;1	10			
97	4	Nghßch Vˋn Ïòu y	0;108;69	7	1;1;1	10			
98	4		0;109;69	7	1;1;1	10			
99	4		0;110;69	7	1;1;1	10			
100	1	Lam Kænh bæ gi¡p	0;108;13	7	1;1;1	10			
101	1		0;109;13	7	1;1;1	10			
102	1		0;110;13	7	1;1;1	10			
100	2	Thún S¡ch Kim gi¡p	0;108;31	7	1;1;1	10			
101	2		0;109;31	7	1;1;1	10			
102	2		0;110;31	7	1;1;1	10			
100	3	Lˋn Quang gi¡p	0;108;49	7	1;1;1	10			
101	3		0;109;49	7	1;1;1	10			
102	3		0;110;49	7	1;1;1	10			
100	4	Th¡i Hoa ThÙõng	0;108;68	7	1;1;1	10			
101	4		0;109;68	7	1;1;1	10			
102	4		0;110;68	7	1;1;1	10			
103	1	ThÙ˜ng  Lan y	0;108;12	7	1;1;1	10			
104	1		0;109;12	7	1;1;1	10			
105	1		0;110;12	7	1;1;1	10			
103	2	Thiˆn Nhèn y	0;108;30	7	1;1;1	10			
104	2		0;109;30	7	1;1;1	10			
105	2		0;110;30	7	1;1;1	10			
103	3	HÍng Nghˆ ThÙõng	0;108;48	7	1;1;1	10			
104	3		0;109;48	7	1;1;1	10			
105	3		0;110;48	7	1;1;1	10			
103	4	Linh Lung ThÙõng	0;108;66	7	1;1;1	10			
104	4		0;109;66	7	1;1;1	10			
105	4		0;110;66	7	1;1;1	10			
106	1	Gi¡ng Sinh Trang	0;108;109	7	1;1;1	10			
106	2		0;108;110	7	1;1;1	10			
106	3		0;108;112	7	1;1;1	10			
106	4		0;108;111	7	1;1;1	10			
107	1		0;109;109	7	1;1;1	10			
107	2		0;109;110	7	1;1;1	10			
107	3		0;109;112	7	1;1;1	10			
107	4		0;109;111	7	1;1;1	10			
108	1		0;110;73	7	1;1;1	10			
108	2		0;110;74	7	1;1;1	10			
108	3		0;110;76	7	1;1;1	10			
108	4		0;110;75	7	1;1;1	10			
109	1	Nhuyån Kim y	0;108;11	7	1;1;1	10			
110	1		0;109;11	7	1;1;1	10			
111	1		0;110;11	7	1;1;1	10			
109	2	Di Nhiˆm Kh¡ch y	0;108;29	7	1;1;1	10			
110	2		0;109;29	7	1;1;1	10			
111	2		0;110;29	7	1;1;1	10			
109	3	N¼ Kiøt ThÙõng	0;108;46	7	1;1;1	10			
110	3		0;109;46	7	1;1;1	10			
111	3		0;110;46	7	1;1;1	10			
109	4	Thiˆn C¨ng Ïòu y	0;108;65	7	1;1;1	10			
110	4		0;109;65	7	1;1;1	10			
111	4		0;110;65	7	1;1;1	10			
112	1	Xïch ÏÍng tr¶	0;108;10	7	1;1;1	10			
113	1		0;109;10	7	1;1;1	10			
114	1		0;110;10	7	1;1;1	10			
112	2	T— Thanh SÙ˜ng Hoa sam	0;108;28	7	1;1;1	10			
113	2		0;109;28	7	1;1;1	10			
114	2		0;110;28	7	1;1;1	10			
112	3	Càm Anh ThÙõng	0;108;45	7	1;1;1	10			
113	3		0;109;45	7	1;1;1	10			
114	3		0;110;45	7	1;1;1	10			
112	4	« La ThÙõng	0;108;64	7	1;1;1	10			
113	4		0;109;64	7	1;1;1	10			
114	4		0;110;64	7	1;1;1	10			
115	1	Thanh SÙ˜ng bço	0;108;8	7	1;1;1	10			
116	1		0;109;8	7	1;1;1	10			
117	1		0;110;8	7	1;1;1	10			
115	2	Hoçng HÌ y	0;108;26	7	1;1;1	10			
116	2		0;109;26	7	1;1;1	10			
117	2		0;110;26	7	1;1;1	10			
115	3	Ho¡n Hoa ThÙõng	0;108;44	7	1;1;1	10			
116	3		0;109;44	7	1;1;1	10			
117	3		0;110;44	7	1;1;1	10			
115	4	Thiˆn Tçm gi¡p y	0;108;63	7	1;1;1	10			
116	4		0;109;63	7	1;1;1	10			
117	4		0;110;63	7	1;1;1	10			
118	1	Thún Hçnh ph¶c	0;108;7	7	1;1;1	10			
119	1		0;109;7	7	1;1;1	10			
120	1		0;110;7	7	1;1;1	10			
118	2	L¶c Lˋm trang	0;108;25	7	1;1;1	10			
119	2		0;109;25	7	1;1;1	10			
120	2		0;110;25	7	1;1;1	10			
118	3	Luyøn Gi¡p ThÙõng	0;108;43	7	1;1;1	10			
119	3		0;109;43	7	1;1;1	10			
120	3		0;110;43	7	1;1;1	10			
118	4	Mùt Vˋn Sam	0;108;61	7	1;1;1	10			
119	4		0;109;61	7	1;1;1	10			
120	4		0;110;61	7	1;1;1	10			
121	1	YÆm Tˋm gi¡p	0;108;6	7	1;1;1	10			
122	1		0;109;6	7	1;1;1	10			
123	1		0;110;6	7	1;1;1	10			
121	2	Kim Ngðc Trÿ sam	0;108;24	7	1;1;1	10			
122	2		0;109;24	7	1;1;1	10			
123	2		0;110;24	7	1;1;1	10			
121	3	V· Luyøn ThÙõng	0;108;41	7	1;1;1	10			
122	3		0;109;41	7	1;1;1	10			
123	3		0;110;41	7	1;1;1	10			
121	4	Phong V· ThÙõng	0;108;60	7	1;1;1	10			
122	4		0;109;60	7	1;1;1	10			
123	4		0;110;60	7	1;1;1	10			
124	1	T— Cˋm BÒ Y	0;108;3	7	1;1;1	10			
125	1		0;109;3	7	1;1;1	10			
126	1		0;110;3	7	1;1;1	10			
124	2	Hço Hiøp y	0;108;23	7	1;1;1	10			
125	2		0;109;23	7	1;1;1	10			
126	2		0;110;23	7	1;1;1	10			
124	3	Tˋm òn ThÙõng	0;108;40	7	1;1;1	10			
125	3		0;109;40	7	1;1;1	10			
126	3		0;110;40	7	1;1;1	10			
124	4	Cˋn Quƒc sam	0;108;59	7	1;1;1	10			
125	4		0;109;59	7	1;1;1	10			
126	4		0;110;59	7	1;1;1	10			
127	1	BÕ Thiíu Hiøp [Ûóc gi¡]	0;108;1	7	1;1;1	10			
128	1		0;109;1	7	1;1;1	10			
129	1		0;110;1	7	1;1;1	10			
127	2	BÕ Thiíu Hiøp [Ûóc gi¡]	0;108;19	7	1;1;1	10			
128	2		0;109;19	7	1;1;1	10			
129	2		0;110;19	7	1;1;1	10			
127	3	BÕ Th¡i ThÙõng [Ûóc gi¡]	0;108;37	7	1;1;1	10			
128	3		0;109;37	7	1;1;1	10			
129	3		0;110;37	7	1;1;1	10			
127	4	BÕ V· ThÙõng [Ûóc gi¡]	0;108;55	7	1;1;1	10			
128	4		0;109;55	7	1;1;1	10			
129	4		0;110;55	7	1;1;1	10			
130	1	BÕ Hƒc T¿o [Ûóc gi¡]	0;108;2	7	1;1;1	10			
131	1		0;109;2	7	1;1;1	10			
132	1		0;110;2	7	1;1;1	10			
130	2	BÕ Thiít HÕ [Ûóc gi¡]	0;108;20	7	1;1;1	10			
131	2		0;109;20	7	1;1;1	10			
132	2		0;110;20	7	1;1;1	10			
130	3	BÕ T— L´ng [Ûóc gi¡]	0;108;38	7	1;1;1	10			
131	3		0;109;38	7	1;1;1	10			
132	3		0;110;38	7	1;1;1	10			
130	4	BÕ HÍng Vˋn [Ûóc gi¡]	0;108;56	7	1;1;1	10			
131	4		0;109;56	7	1;1;1	10			
132	4		0;110;56	7	1;1;1	10			
133	1	BÕ Bçn Long [Ûóc gi¡]	0;108;4	7	1;1;1	10			
134	1		0;109;4	7	1;1;1	10			
135	1		0;110;4	7	1;1;1	10			
133	2	BÕ Thµ VÙ˜ng [Ûóc gi¡]	0;108;21	7	1;1;1	10			
134	2		0;109;21	7	1;1;1	10			
135	2		0;110;21	7	1;1;1	10			
133	3	BÕ T— Nhung [Ûóc gi¡]	0;108;39	7	1;1;1	10			
134	3		0;109;39	7	1;1;1	10			
135	3		0;110;39	7	1;1;1	10			
133	4	BÕ T— Kïnh [Ûóc gi¡]	0;108;57	7	1;1;1	10			
134	4		0;109;57	7	1;1;1	10			
135	4		0;110;57	7	1;1;1	10			
136	1	BÕ ThÙ˜ng Lang [Ûóc gi¡]	0;108;5	7	1;1;1	10			
137	1		0;109;5	7	1;1;1	10			
138	1		0;110;5	7	1;1;1	10			
136	2	BÕ Càm Ti [Ûóc gi¡]	0;108;22	7	1;1;1	10			
137	2		0;109;22	7	1;1;1	10			
138	2		0;110;22	7	1;1;1	10			
136	3	BÕ Thiˆn Ma [Ûóc gi¡]	0;108;42	7	1;1;1	10			
137	3		0;109;42	7	1;1;1	10			
138	3		0;110;42	7	1;1;1	10			
136	4	BÕ Linh Vùn [Ûóc gi¡]	0;108;58	7	1;1;1	10			
137	4		0;109;58	7	1;1;1	10			
138	4		0;110;58	7	1;1;1	10			
139	1	BÕ Tham Lang [Ûóc gi¡]	0;108;9	7	1;1;1	10			
140	1		0;109;9	7	1;1;1	10			
141	1		0;110;9	7	1;1;1	10			
139	2	BÕ Thún NgÙu [Ûóc gi¡]	0;108;27	7	1;1;1	10			
140	2		0;109;27	7	1;1;1	10			
141	2		0;110;27	7	1;1;1	10			
139	3	BÕ Thanh Linh [Ûóc gi¡]	0;108;47	7	1;1;1	10			
140	3		0;109;47	7	1;1;1	10			
141	3		0;110;47	7	1;1;1	10			
139	4	BÕ Vã Ïòu [Ûóc gi¡]	0;108;62	7	1;1;1	10			
140	4		0;109;62	7	1;1;1	10			
141	4		0;110;62	7	1;1;1	10			
142	1	BÕ Thiˆn Gi¡ng [Ûóc gi¡]	0;108;18	7	1;1;1	10			
143	1		0;109;18	7	1;1;1	10			
144	1		0;110;18	7	1;1;1	10			
142	2	BÕ HÃa Thÿ [Ûóc gi¡]	0;108;34	7	1;1;1	10			
143	2		0;109;34	7	1;1;1	10			
144	2		0;110;34	7	1;1;1	10			
142	3	BÕ HÍ C˜ [Ûóc gi¡]	0;108;50	7	1;1;1	10			
143	3		0;109;50	7	1;1;1	10			
144	3		0;110;50	7	1;1;1	10			
142	4	BÕ Thµ Ïòu [Ûóc gi¡]	0;108;67	7	1;1;1	10			
143	4		0;109;67	7	1;1;1	10			
144	4		0;110;67	7	1;1;1	10			
145	1	Âm HÍn LÙu Kim	0;108;680	7	1;1;1	10			
145	2		0;108;681	7	1;1;1	10			
145	3		0;108;682	7	1;1;1	10			
145	4		0;108;683	7	1;1;1	10			
146	1		0;109;680	7	1;1;1	10			
146	2		0;109;681	7	1;1;1	10			
146	3		0;109;682	7	1;1;1	10			
146	4		0;109;683	7	1;1;1	10			
147	1		0;110;680	7	1;1;1	10			
147	2		0;110;681	7	1;1;1	10			
147	3		0;110;682	7	1;1;1	10			
147	4		0;110;683	7	1;1;1	10			
148	1	TÙ˜ng Kiín Huan	0;108;725	7	1;1;1	10			
148	2		0;108;726	7	1;1;1	10			
148	3		0;108;727	7	1;1;1	10			
148	4		0;108;728	7	1;1;1	10			
149	1		0;109;725	7	1;1;1	10			
149	2		0;109;726	7	1;1;1	10			
149	3		0;109;727	7	1;1;1	10			
149	4		0;109;728	7	1;1;1	10			
150	1		0;110;725	7	1;1;1	10			
150	2		0;110;726	7	1;1;1	10			
150	3		0;110;727	7	1;1;1	10			
150	4		0;110;728	7	1;1;1	10			
151	1	Thiíu Niˆn Du	0;108;721	7	1;1;1	10			
151	2		0;108;722	7	1;1;1	10			
151	3		0;108;723	7	1;1;1	10			
151	4		0;108;724	7	1;1;1	10			
152	1		0;109;721	7	1;1;1	10			
152	2		0;109;722	7	1;1;1	10			
152	3		0;109;723	7	1;1;1	10			
152	4		0;109;724	7	1;1;1	10			
153	1		0;110;721	7	1;1;1	10			
153	2		0;110;722	7	1;1;1	10			
153	3		0;110;723	7	1;1;1	10			
153	4		0;110;724	7	1;1;1	10			
154	1	Phún HÃa Âm SÙ˜ng(ÛÌ)[thí lªc]	0;108;701	7	1;1;1	10			
154	2		0;108;702	7	1;1;1	10			
154	3		0;108;703	7	1;1;1	10			
154	4		0;108;704	7	1;1;1	10			
155	1		0;109;701	7	1;1;1	10			
155	2		0;109;702	7	1;1;1	10			
155	3		0;109;703	7	1;1;1	10			
155	4		0;109;704	7	1;1;1	10			
156	1		0;110;701	7	1;1;1	10			
156	2		0;110;702	7	1;1;1	10			
156	3		0;110;703	7	1;1;1	10			
156	4		0;110;704	7	1;1;1	10			
157	1	Phún HÃa Âm SÙ˜ng(vçng)[thí lªc]	0;108;705	7	1;1;1	10			
157	2		0;108;706	7	1;1;1	10			
157	3		0;108;707	7	1;1;1	10			
157	4		0;108;708	7	1;1;1	10			
158	1		0;109;705	7	1;1;1	10			
158	2		0;109;706	7	1;1;1	10			
158	3		0;109;707	7	1;1;1	10			
158	4		0;109;708	7	1;1;1	10			
159	1		0;110;705	7	1;1;1	10			
159	2		0;110;706	7	1;1;1	10			
159	3		0;110;707	7	1;1;1	10			
159	4		0;110;708	7	1;1;1	10			
160	1	Phún HÃa Âm SÙ˜ng(Ûen)[thí lªc]	0;108;709	7	1;1;1	10			
160	2		0;108;710	7	1;1;1	10			
160	3		0;108;711	7	1;1;1	10			
160	4		0;108;712	7	1;1;1	10			
161	1		0;109;709	7	1;1;1	10			
161	2		0;109;710	7	1;1;1	10			
161	3		0;109;711	7	1;1;1	10			
161	4		0;109;712	7	1;1;1	10			
162	1		0;110;709	7	1;1;1	10			
162	2		0;110;710	7	1;1;1	10			
162	3		0;110;711	7	1;1;1	10			
162	4		0;110;712	7	1;1;1	10			
163	1	Song Ï¡n Trang	0;108;901	7	1;1;1	10			
163	2		0;108;902	7	1;1;1	10			
163	3		0;108;903	7	1;1;1	10			
163	4		0;108;904	7	1;1;1	10			
164	1		0;109;901	7	1;1;1	10			
164	2		0;109;902	7	1;1;1	10			
164	3		0;109;903	7	1;1;1	10			
164	4		0;109;904	7	1;1;1	10			
165	1		0;110;901	7	1;1;1	10			
165	2		0;110;902	7	1;1;1	10			
165	3		0;110;903	7	1;1;1	10			
165	4		0;110;904	7	1;1;1	10			
166	1	KhÌng TÙÚc Minh VÙ˜ng Trang	0;108;929	7	1;1;1	10			
166	2		0;108;930	7	1;1;1	10			
166	3		0;108;931	7	1;1;1	10			
166	4		0;108;932	7	1;1;1	10			
167	1		0;109;929	7	1;1;1	10			
167	2		0;109;930	7	1;1;1	10			
167	3		0;109;931	7	1;1;1	10			
167	4		0;109;932	7	1;1;1	10			
168	1		0;110;929	7	1;1;1	10			
168	2		0;110;930	7	1;1;1	10			
168	3		0;110;931	7	1;1;1	10			
168	4		0;110;932	7	1;1;1	10			
169	1	M· Ho¡n Hÿng	0;108;622	7	1;1;1	10			
169	2		0;108;623	7	1;1;1	10			
169	3		0;108;624	7	1;1;1	10			
169	4		0;108;625	7	1;1;1	10			
170	1	T— D¿ Trang	0;108;825	7	1;1;1	10			
170	2		0;108;826	7	1;1;1	10			
170	3		0;108;827	7	1;1;1	10			
170	4		0;108;828	7	1;1;1	10			
171	1		0;109;825	7	1;1;1	10			
171	2		0;109;826	7	1;1;1	10			
171	3		0;109;827	7	1;1;1	10			
171	4		0;109;828	7	1;1;1	10			
172	1		0;110;825	7	1;1;1	10			
172	2		0;110;826	7	1;1;1	10			
172	3		0;110;827	7	1;1;1	10			
172	4		0;110;828	7	1;1;1	10			
173	1	Cung ThÙ˜ng Gi¡c V·	0;108;937	7	1;1;1	10			
173	2		0;108;938	7	1;1;1	10			
173	3		0;108;939	7	1;1;1	10			
173	4		0;108;940	7	1;1;1	10			
174	1		0;109;937	7	1;1;1	10			
174	2		0;109;938	7	1;1;1	10			
174	3		0;109;939	7	1;1;1	10			
174	4		0;109;940	7	1;1;1	10			
175	1		0;110;937	7	1;1;1	10			
175	2		0;110;938	7	1;1;1	10			
175	3		0;110;939	7	1;1;1	10			
175	4		0;110;940	7	1;1;1	10			
176	1	Thiˆn V· Cç Sa	0;108;713	7	1;1;1	10			
176	2		0;108;714	7	1;1;1	10			
176	3		0;108;715	7	1;1;1	10			
176	4		0;108;716	7	1;1;1	10			
177	1		0;109;713	7	1;1;1	10			
177	2		0;109;714	7	1;1;1	10			
177	3		0;109;715	7	1;1;1	10			
177	4		0;109;716	7	1;1;1	10			
178	1		0;110;713	7	1;1;1	10			
178	2		0;110;714	7	1;1;1	10			
178	3		0;110;715	7	1;1;1	10			
178	4		0;110;716	7	1;1;1	10			
179	1	Diøp ThÙŸng Thu Phong Trang	0;108;953	7	1;1;1	10			
179	2		0;108;954	7	1;1;1	10			
179	3		0;108;955	7	1;1;1	10			
179	4		0;108;956	7	1;1;1	10			
180	1		0;109;953	7	1;1;1	10			
180	2		0;109;954	7	1;1;1	10			
180	3		0;109;955	7	1;1;1	10			
180	4		0;109;956	7	1;1;1	10			
181	1		0;110;953	7	1;1;1	10			
181	2		0;110;954	7	1;1;1	10			
181	3		0;110;955	7	1;1;1	10			
181	4		0;110;956	7	1;1;1	10			
182	1	TiØn Long Trang	0;108;837	7	1;1;1	10			
182	2		0;108;838	7	1;1;1	10			
182	3		0;108;839	7	1;1;1	10			
182	4		0;108;840	7	1;1;1	10			
183	1		0;109;837	7	1;1;1	10			
183	2		0;109;838	7	1;1;1	10			
183	3		0;109;839	7	1;1;1	10			
183	4		0;109;840	7	1;1;1	10			
184	1		0;110;837	7	1;1;1	10			
184	2		0;110;838	7	1;1;1	10			
184	3		0;110;839	7	1;1;1	10			
184	4		0;110;840	7	1;1;1	10			
185	1	ChÄ Thþy Trang	0;108;833	7	1;1;1	10			
185	2		0;108;834	7	1;1;1	10			
185	3		0;108;835	7	1;1;1	10			
185	4		0;108;836	7	1;1;1	10			
186	1		0;109;833	7	1;1;1	10			
186	2		0;109;834	7	1;1;1	10			
186	3		0;109;835	7	1;1;1	10			
186	4		0;109;836	7	1;1;1	10			
187	1		0;110;833	7	1;1;1	10			
187	2		0;110;834	7	1;1;1	10			
187	3		0;110;835	7	1;1;1	10			
187	4		0;110;836	7	1;1;1	10			
188	1	Xïch Viˆn LÕng H¿c Trang	0;108;985	7	1;1;1	10			
188	2		0;108;986	7	1;1;1	10			
188	3		0;108;987	7	1;1;1	10			
188	4		0;108;988	7	1;1;1	10			
189	1		0;109;985	7	1;1;1	10			
189	2		0;109;986	7	1;1;1	10			
189	3		0;109;987	7	1;1;1	10			
189	4		0;109;988	7	1;1;1	10			
190	1		0;110;985	7	1;1;1	10			
190	2		0;110;986	7	1;1;1	10			
190	3		0;110;987	7	1;1;1	10			
190	4		0;110;988	7	1;1;1	10			
191	1	Trang	0;108;811	7	1;1;1	10			
191	2		0;108;812	7	1;1;1	10			
191	3		0;108;813	7	1;1;1	10			
191	4		0;108;814	7	1;1;1	10			
192	1		0;109;811	7	1;1;1	10			
192	2		0;109;812	7	1;1;1	10			
192	3		0;109;813	7	1;1;1	10			
192	4		0;109;814	7	1;1;1	10			
193	1		0;110;811	7	1;1;1	10			
193	2		0;110;812	7	1;1;1	10			
193	3		0;110;813	7	1;1;1	10			
193	4		0;110;814	7	1;1;1	10			
194	1	Chïnh DÙ˜ng trang	0;108;668	7	1;1;1	10			
194	2		0;108;669	7	1;1;1	10			
194	3		0;108;670	7	1;1;1	10			
194	4		0;108;671	7	1;1;1	10			
195	1		0;109;668	7	1;1;1	10			
195	2		0;109;669	7	1;1;1	10			
195	3		0;109;670	7	1;1;1	10			
195	4		0;109;671	7	1;1;1	10			
196	1		0;110;668	7	1;1;1	10			
196	2		0;110;669	7	1;1;1	10			
196	3		0;110;670	7	1;1;1	10			
196	4		0;110;671	7	1;1;1	10			
197	1	Thún Xç trang	0;108;717	7	1;1;1	10			
197	2		0;108;718	7	1;1;1	10			
197	3		0;108;719	7	1;1;1	10			
197	4		0;108;720	7	1;1;1	10			
198	1		0;109;717	7	1;1;1	10			
198	2		0;109;718	7	1;1;1	10			
198	3		0;109;719	7	1;1;1	10			
198	4		0;109;720	7	1;1;1	10			
199	1		0;110;717	7	1;1;1	10			
199	2		0;110;718	7	1;1;1	10			
199	3		0;110;719	7	1;1;1	10			
199	4		0;110;720	7	1;1;1	10			
200	1	Hço Khï trang	0;108;10009	7	1;1;1	10			
200	2		0;108;10010	7	1;1;1	10			
200	3		0;108;10011	7	1;1;1	10			
200	4		0;108;10012	7	1;1;1	10			
201	1		0;109;10009	7	1;1;1	10			
201	2		0;109;10010	7	1;1;1	10			
201	3		0;109;10011	7	1;1;1	10			
201	4		0;109;10012	7	1;1;1	10			
202	1		0;110;10009	7	1;1;1	10			
202	2		0;110;10010	7	1;1;1	10			
202	3		0;110;10011	7	1;1;1	10			
202	4		0;110;10012	7	1;1;1	10			
203	1	Linh Khï trang	0;108;10021	7	1;1;1	10			
203	2		0;108;10022	7	1;1;1	10			
203	3		0;108;10023	7	1;1;1	10			
203	4		0;108;10024	7	1;1;1	10			
204	1		0;109;10021	7	1;1;1	10			
204	2		0;109;10022	7	1;1;1	10			
204	3		0;109;10023	7	1;1;1	10			
204	4		0;109;10024	7	1;1;1	10			
205	1		0;110;10021	7	1;1;1	10			
205	2		0;110;10022	7	1;1;1	10			
205	3		0;110;10023	7	1;1;1	10			
205	4		0;110;10024	7	1;1;1	10			
206	1	L¨i HÌ trang	0;108;10001	7	1;1;1	10			
206	2		0;108;10002	7	1;1;1	10			
206	3		0;108;10003	7	1;1;1	10			
206	4		0;108;10004	7	1;1;1	10			
207	1		0;109;10001	7	1;1;1	10			
207	2		0;109;10002	7	1;1;1	10			
207	3		0;109;10003	7	1;1;1	10			
207	4		0;109;10004	7	1;1;1	10			
208	1		0;110;10001	7	1;1;1	10			
208	2		0;110;10002	7	1;1;1	10			
208	3		0;110;10003	7	1;1;1	10			
208	4		0;110;10004	7	1;1;1	10			
209	1	L¨i HÌ Gi¡ng Lˋm trang	0;108;10005	7	1;1;1	10			
209	2		0;108;10006	7	1;1;1	10			
209	3		0;108;10007	7	1;1;1	10			
209	4		0;108;10008	7	1;1;1	10			
210	1		0;109;10005	7	1;1;1	10			
210	2		0;109;10006	7	1;1;1	10			
210	3		0;109;10007	7	1;1;1	10			
210	4		0;109;10008	7	1;1;1	10			
211	1		0;110;10005	7	1;1;1	10			
211	2		0;110;10006	7	1;1;1	10			
211	3		0;110;10007	7	1;1;1	10			
211	4		0;110;10008	7	1;1;1	10			
212	1	HÃa Ph¶ng trang	0;108;10013	7	1;1;1	10			
212	2		0;108;10014	7	1;1;1	10			
212	3		0;108;10015	7	1;1;1	10			
212	4		0;108;10016	7	1;1;1	10			
213	1		0;109;10013	7	1;1;1	10			
213	2		0;109;10014	7	1;1;1	10			
213	3		0;109;10015	7	1;1;1	10			
213	4		0;109;10016	7	1;1;1	10			
214	1		0;110;10013	7	1;1;1	10			
214	2		0;110;10014	7	1;1;1	10			
214	3		0;110;10015	7	1;1;1	10			
214	4		0;110;10016	7	1;1;1	10			
215	1	HÃa Ph¶ng Gi¡ng Thí trang	0;108;10017	7	1;1;1	10			
215	2		0;108;10018	7	1;1;1	10			
215	3		0;108;10019	7	1;1;1	10			
215	4		0;108;10020	7	1;1;1	10			
216	1		0;109;10017	7	1;1;1	10			
216	2		0;109;10018	7	1;1;1	10			
216	3		0;109;10019	7	1;1;1	10			
216	4		0;109;10020	7	1;1;1	10			
217	1		0;110;10017	7	1;1;1	10			
217	2		0;110;10018	7	1;1;1	10			
217	3		0;110;10019	7	1;1;1	10			
217	4		0;110;10020	7	1;1;1	10			
218	1	Chïch Vˋn trang	0;108;578	7	1;1;1	10			
218	2		0;108;579	7	1;1;1	10			
218	3		0;108;580	7	1;1;1	10			
218	4		0;108;581	7	1;1;1	10			
219	1		0;109;578	7	1;1;1	10			
219	2		0;109;579	7	1;1;1	10			
219	3		0;109;580	7	1;1;1	10			
219	4		0;109;581	7	1;1;1	10			
220	1		0;110;578	7	1;1;1	10			
220	2		0;110;579	7	1;1;1	10			
220	3		0;110;580	7	1;1;1	10			
220	4		0;110;581	7	1;1;1	10			
221	1	Thanh SÙ˜ng trang	0;108;634	7	1;1;1	10			
221	2		0;108;635	7	1;1;1	10			
221	3		0;108;636	7	1;1;1	10			
221	4		0;108;637	7	1;1;1	10			
222	1		0;109;634	7	1;1;1	10			
222	2		0;109;635	7	1;1;1	10			
222	3		0;109;636	7	1;1;1	10			
222	4		0;109;637	7	1;1;1	10			
223	1		0;110;634	7	1;1;1	10			
223	2		0;110;635	7	1;1;1	10			
223	3		0;110;636	7	1;1;1	10			
223	4		0;110;637	7	1;1;1	10			
224	1	Xuˋn  Trang	0;108;1005	7	1;1;1	10			
224	2		0;108;1006	7	1;1;1	10			
224	3		0;108;1007	7	1;1;1	10			
224	4		0;108;1008	7	1;1;1	10			
225	1		0;109;1005	7	1;1;1	10			
225	2		0;109;1006	7	1;1;1	10			
225	3		0;109;1007	7	1;1;1	10			
225	4		0;109;1008	7	1;1;1	10			
226	1		0;110;1005	7	1;1;1	10			
226	2		0;110;1006	7	1;1;1	10			
226	3		0;110;1007	7	1;1;1	10			
226	4		0;110;1008	7	1;1;1	10			
227	1	Vòn Tænh Trang	0;108;1009	7	1;1;1	10			
227	2		0;108;1010	7	1;1;1	10			
227	3		0;108;1011	7	1;1;1	10			
227	4		0;108;1012	7	1;1;1	10			
228	1		0;109;1009	7	1;1;1	10			
228	2		0;109;1010	7	1;1;1	10			
228	3		0;109;1011	7	1;1;1	10			
228	4		0;109;1012	7	1;1;1	10			
229	1		0;110;1009	7	1;1;1	10			
229	2		0;110;1010	7	1;1;1	10			
229	3		0;110;1011	7	1;1;1	10			
229	4		0;110;1012	7	1;1;1	10			
230	1	XÑo  Trang	0;108;1053	7	1;1;1	10			
230	2		0;108;1054	7	1;1;1	10			
230	3		0;108;1055	7	1;1;1	10			
230	4		0;108;1056	7	1;1;1	10			
231	1		0;109;1053	7	1;1;1	10			
231	2		0;109;1054	7	1;1;1	10			
231	3		0;109;1055	7	1;1;1	10			
231	4		0;109;1056	7	1;1;1	10			
232	1		0;110;1053	7	1;1;1	10			
232	2		0;110;1054	7	1;1;1	10			
232	3		0;110;1055	7	1;1;1	10			
232	4		0;110;1056	7	1;1;1	10			
233	1	Thþ Tuí Trang	0;108;905	7	1;1;1	10			
233	2		0;108;906	7	1;1;1	10			
233	3		0;108;907	7	1;1;1	10			
233	4		0;108;908	7	1;1;1	10			
234	1		0;109;905	7	1;1;1	10			
234	2		0;109;906	7	1;1;1	10			
234	3		0;109;907	7	1;1;1	10			
234	4		0;109;908	7	1;1;1	10			
235	1		0;110;905	7	1;1;1	10			
235	2		0;110;906	7	1;1;1	10			
235	3		0;110;907	7	1;1;1	10			
235	4		0;110;908	7	1;1;1	10			
236	1	Tiˆu Dao Trang (L¶c)	0;108;819	7	1;1;1	10			
236	2		0;108;824	7	1;1;1	10			
236	3		0;108;408	7	1;1;1	10			
236	4		0;108;398	7	1;1;1	10			
237	1		0;109;819	7	1;1;1	10			
237	2		0;109;824	7	1;1;1	10			
237	3		0;109;408	7	1;1;1	10			
237	4		0;109;398	7	1;1;1	10			
238	1		0;110;819	7	1;1;1	10			
238	2		0;110;824	7	1;1;1	10			
238	3		0;110;208	7	1;1;1	10			
238	4		0;110;198	7	1;1;1	10			
239	1	Phong LÙu	0;108;797	7	1;1;1	10			
239	2		0;108;798	7	1;1;1	10			
239	3		0;108;799	7	1;1;1	10			
239	4		0;108;800	7	1;1;1	10			
240	1		0;109;797	7	1;1;1	10			
240	2		0;109;798	7	1;1;1	10			
240	3		0;109;799	7	1;1;1	10			
240	4		0;109;800	7	1;1;1	10			
241	1		0;110;797	7	1;1;1	10			
241	2		0;110;798	7	1;1;1	10			
241	3		0;110;799	7	1;1;1	10			
241	4		0;110;800	7	1;1;1	10			
242	1	Tiˆu Dao Trang (Lam)	0;108;816	7	1;1;1	10			
242	2		0;108;821	7	1;1;1	10			
242	3		0;108;410	7	1;1;1	10			
242	4		0;108;400	7	1;1;1	10			
243	1		0;109;816	7	1;1;1	10			
243	2		0;109;821	7	1;1;1	10			
243	3		0;109;410	7	1;1;1	10			
243	4		0;109;400	7	1;1;1	10			
244	1		0;110;816	7	1;1;1	10			
244	2		0;110;821	7	1;1;1	10			
244	3		0;110;210	7	1;1;1	10			
244	4		0;110;200	7	1;1;1	10			
245	1	B¿ch Sa	0;108;1073	7	1;1;1	10			
245	2		0;108;1074	7	1;1;1	10			
245	3		0;108;1075	7	1;1;1	10			
245	4		0;108;1076	7	1;1;1	10			
246	1		0;109;1073	7	1;1;1	10			
246	2		0;109;1074	7	1;1;1	10			
246	3		0;109;1075	7	1;1;1	10			
246	4		0;109;1076	7	1;1;1	10			
247	1		0;110;1073	7	1;1;1	10			
247	2		0;110;1074	7	1;1;1	10			
247	3		0;110;1075	7	1;1;1	10			
247	4		0;110;1076	7	1;1;1	10			
248	1	Mai Liåu	0;108;1077	7	1;1;1	10			
248	2		0;108;1078	7	1;1;1	10			
248	3		0;108;1079	7	1;1;1	10			
248	4		0;108;1080	7	1;1;1	10			
249	1		0;109;1077	7	1;1;1	10			
249	2		0;109;1078	7	1;1;1	10			
249	3		0;109;1079	7	1;1;1	10			
249	4		0;109;1080	7	1;1;1	10			
250	1		0;110;1077	7	1;1;1	10			
250	2		0;110;1078	7	1;1;1	10			
250	3		0;110;1079	7	1;1;1	10			
250	4		0;110;1080	7	1;1;1	10			
251	1	HÍng nh	0;108;917	7	1;1;1	10			
251	2		0;108;918	7	1;1;1	10			
251	3		0;108;919	7	1;1;1	10			
251	4		0;108;920	7	1;1;1	10			
252	1		0;109;917	7	1;1;1	10			
252	2		0;109;918	7	1;1;1	10			
252	3		0;109;919	7	1;1;1	10			
252	4		0;109;920	7	1;1;1	10			
253	1		0;110;917	7	1;1;1	10			
253	2		0;110;918	7	1;1;1	10			
253	3		0;110;919	7	1;1;1	10			
253	4		0;110;920	7	1;1;1	10			
254	1	C˜ Linh	0;108;897	7	1;1;1	10			
254	2		0;108;898	7	1;1;1	10			
254	3		0;108;899	7	1;1;1	10			
254	4		0;108;900	7	1;1;1	10			
255	1		0;109;897	7	1;1;1	10			
255	2		0;109;898	7	1;1;1	10			
255	3		0;109;899	7	1;1;1	10			
255	4		0;109;900	7	1;1;1	10			
256	1		0;110;897	7	1;1;1	10			
256	2		0;110;898	7	1;1;1	10			
256	3		0;110;899	7	1;1;1	10			
256	4		0;110;900	7	1;1;1	10			
257	1	Tiˆu Dao Trang (Ïen&HÍng)	0;108;818	7	1;1;1	10			
257	2		0;108;823	7	1;1;1	10			
257	3		0;108;411	7	1;1;1	10			
257	4		0;108;401	7	1;1;1	10			
258	1		0;109;818	7	1;1;1	10			
258	2		0;109;823	7	1;1;1	10			
258	3		0;109;411	7	1;1;1	10			
258	4		0;109;401	7	1;1;1	10			
259	1		0;110;818	7	1;1;1	10			
259	2		0;110;823	7	1;1;1	10			
259	3		0;110;211	7	1;1;1	10			
259	4		0;110;201	7	1;1;1	10			
260	1	L¿c Nhùt C¨ Thçnh	0;108;1097	7	1;1;1	10			
260	2		0;108;1098	7	1;1;1	10			
260	3		0;108;1099	7	1;1;1	10			
260	4		0;108;1100	7	1;1;1	10			
261	1		0;109;1097	7	1;1;1	10			
261	2		0;109;1098	7	1;1;1	10			
261	3		0;109;1099	7	1;1;1	10			
261	4		0;109;1100	7	1;1;1	10			
262	1		0;110;1097	7	1;1;1	10			
262	2		0;110;1098	7	1;1;1	10			
262	3		0;110;1099	7	1;1;1	10			
262	4		0;110;1100	7	1;1;1	10			
263	1	Tiˆu Dao Trang (Ïen&HÍng)	0;108;817	7	1;1;1	10			
263	2		0;108;822	7	1;1;1	10			
263	3		0;108;412	7	1;1;1	10			
263	4		0;108;402	7	1;1;1	10			
264	1		0;109;817	7	1;1;1	10			
264	2		0;109;822	7	1;1;1	10			
264	3		0;109;412	7	1;1;1	10			
264	4		0;109;402	7	1;1;1	10			
265	1		0;110;817	7	1;1;1	10			
265	2		0;110;822	7	1;1;1	10			
265	3		0;110;212	7	1;1;1	10			
265	4		0;110;202	7	1;1;1	10			
266	1	HÕp Ngo¿i trang Doanh T¶	0;108;1061	7	1;1;1	10			
266	2		0;108;1062	7	1;1;1	10			
266	3		0;108;1063	7	1;1;1	10			
266	4		0;108;1064	7	1;1;1	10			
267	1		0;109;1061	7	1;1;1	10			
267	2		0;109;1062	7	1;1;1	10			
267	3		0;109;1063	7	1;1;1	10			
267	4		0;109;1064	7	1;1;1	10			
268	1		0;110;1061	7	1;1;1	10			
268	2		0;110;1062	7	1;1;1	10			
268	3		0;110;1063	7	1;1;1	10			
268	4		0;110;1064	7	1;1;1	10			
269	1	Bïch Tiˆu	0;108;1093	7	1;1;1	10			
269	2		0;108;1094	7	1;1;1	10			
269	3		0;108;1095	7	1;1;1	10			
269	4		0;108;1096	7	1;1;1	10			
270	1		0;109;1093	7	1;1;1	10			
270	2		0;109;1094	7	1;1;1	10			
270	3		0;109;1095	7	1;1;1	10			
270	4		0;109;1096	7	1;1;1	10			
271	1		0;110;1093	7	1;1;1	10			
271	2		0;110;1094	7	1;1;1	10			
271	3		0;110;1095	7	1;1;1	10			
271	4		0;110;1096	7	1;1;1	10			
272	1	Vß Î˜ng	0;108;1013	7	1;1;1	10			
272	2		0;108;1014	7	1;1;1	10			
272	3		0;108;1015	7	1;1;1	10			
272	4		0;108;1016	7	1;1;1	10			
273	1		0;109;1013	7	1;1;1	10			
273	2		0;109;1014	7	1;1;1	10			
273	3		0;109;1015	7	1;1;1	10			
273	4		0;109;1016	7	1;1;1	10			
274	1		0;110;1013	7	1;1;1	10			
274	2		0;110;1014	7	1;1;1	10			
274	3		0;110;1015	7	1;1;1	10			
274	4		0;110;1016	7	1;1;1	10			
275	1	HÔa Phong	0;108;1037	7	1;1;1	10			
275	2		0;108;1038	7	1;1;1	10			
275	3		0;108;1039	7	1;1;1	10			
275	4		0;108;1040	7	1;1;1	10			
276	1		0;109;1037	7	1;1;1	10			
276	2		0;109;1038	7	1;1;1	10			
276	3		0;109;1039	7	1;1;1	10			
276	4		0;109;1040	7	1;1;1	10			
277	1		0;110;1037	7	1;1;1	10			
277	2		0;110;1038	7	1;1;1	10			
277	3		0;110;1039	7	1;1;1	10			
277	4		0;110;1040	7	1;1;1	10			
278	1	Kh¡n Chˋu Thçnh Bïch	0;108;1001	7	1;1;1	10			
278	2		0;108;1002	7	1;1;1	10			
278	3		0;108;1003	7	1;1;1	10			
278	4		0;108;1004	7	1;1;1	10			
279	1		0;109;1001	7	1;1;1	10			
279	2		0;109;1002	7	1;1;1	10			
279	3		0;109;1003	7	1;1;1	10			
279	4		0;109;1004	7	1;1;1	10			
280	1		0;110;1001	7	1;1;1	10			
280	2		0;110;1002	7	1;1;1	10			
280	3		0;110;1003	7	1;1;1	10			
280	4		0;110;1004	7	1;1;1	10			
281	1	Ngðc Kim	0;108;1017	7	1;1;1	10			
281	2		0;108;1018	7	1;1;1	10			
281	3		0;108;1019	7	1;1;1	10			
281	4		0;108;1020	7	1;1;1	10			
282	1		0;109;1017	7	1;1;1	10			
282	2		0;109;1018	7	1;1;1	10			
282	3		0;109;1019	7	1;1;1	10			
282	4		0;109;1020	7	1;1;1	10			
283	1		0;110;1017	7	1;1;1	10			
283	2		0;110;1018	7	1;1;1	10			
283	3		0;110;1019	7	1;1;1	10			
283	4		0;110;1020	7	1;1;1	10			
284	1	Thu Tßch	0;108;1029	7	1;1;1	10			
284	2		0;108;1030	7	1;1;1	10			
284	3		0;108;1031	7	1;1;1	10			
284	4		0;108;1032	7	1;1;1	10			
285	1		0;109;1029	7	1;1;1	10			
285	2		0;109;1030	7	1;1;1	10			
285	3		0;109;1031	7	1;1;1	10			
285	4		0;109;1032	7	1;1;1	10			
286	1		0;110;1029	7	1;1;1	10			
286	2		0;110;1030	7	1;1;1	10			
286	3		0;110;1031	7	1;1;1	10			
286	4		0;110;1032	7	1;1;1	10			
287	1	V· Chˋu	0;108;1033	7	1;1;1	10			
287	2		0;108;1034	7	1;1;1	10			
287	3		0;108;1035	7	1;1;1	10			
287	4		0;108;1036	7	1;1;1	10			
288	1		0;109;1033	7	1;1;1	10			
288	2		0;109;1034	7	1;1;1	10			
288	3		0;109;1035	7	1;1;1	10			
288	4		0;109;1036	7	1;1;1	10			
289	1		0;110;1033	7	1;1;1	10			
289	2		0;110;1034	7	1;1;1	10			
289	3		0;110;1035	7	1;1;1	10			
289	4		0;110;1036	7	1;1;1	10			
290	1	SÙ˜ng Khinh	0;108;1109	7	1;1;1	10			
290	2		0;108;1110	7	1;1;1	10			
290	3		0;108;1111	7	1;1;1	10			
290	4		0;108;1112	7	1;1;1	10			
291	1		0;109;1109	7	1;1;1	10			
291	2		0;109;1110	7	1;1;1	10			
291	3		0;109;1111	7	1;1;1	10			
291	4		0;109;1112	7	1;1;1	10			
292	1		0;110;1109	7	1;1;1	10			
292	2		0;110;1110	7	1;1;1	10			
292	3		0;110;1111	7	1;1;1	10			
292	4		0;110;1112	7	1;1;1	10			
293	1	Yˆn Minh	0;108;1113	7	1;1;1	10			
293	2		0;108;1114	7	1;1;1	10			
293	3		0;108;1115	7	1;1;1	10			
293	4		0;108;1116	7	1;1;1	10			
294	1		0;109;1113	7	1;1;1	10			
294	2		0;109;1114	7	1;1;1	10			
294	3		0;109;1115	7	1;1;1	10			
294	4		0;109;1116	7	1;1;1	10			
295	1		0;110;1113	7	1;1;1	10			
295	2		0;110;1114	7	1;1;1	10			
295	3		0;110;1115	7	1;1;1	10			
295	4		0;110;1116	7	1;1;1	10			
296	1	SÙ˜ng Hoa	0;108;1117	7	1;1;1	10			
296	2		0;108;1118	7	1;1;1	10			
296	3		0;108;1119	7	1;1;1	10			
296	4		0;108;1120	7	1;1;1	10			
297	1		0;109;1117	7	1;1;1	10			
297	2		0;109;1118	7	1;1;1	10			
297	3		0;109;1119	7	1;1;1	10			
297	4		0;109;1120	7	1;1;1	10			
298	1		0;110;1117	7	1;1;1	10			
298	2		0;110;1118	7	1;1;1	10			
298	3		0;110;1119	7	1;1;1	10			
298	4		0;110;1120	7	1;1;1	10			
299	1	Quºnh Quí	0;108;1121	7	1;1;1	10			
299	2		0;108;1122	7	1;1;1	10			
299	3		0;108;1123	7	1;1;1	10			
299	4		0;108;1124	7	1;1;1	10			
300	1		0;109;1121	7	1;1;1	10			
300	2		0;109;1122	7	1;1;1	10			
300	3		0;109;1123	7	1;1;1	10			
300	4		0;109;1124	7	1;1;1	10			
301	1		0;110;1121	7	1;1;1	10			
301	2		0;110;1122	7	1;1;1	10			
301	3		0;110;1123	7	1;1;1	10			
301	4		0;110;1124	7	1;1;1	10			
302	1	Phong Trµc	0;108;1049	7	1;1;1	10			
302	2		0;108;1050	7	1;1;1	10			
302	3		0;108;1051	7	1;1;1	10			
302	4		0;108;1052	7	1;1;1	10			
303	1		0;109;1049	7	1;1;1	10			
303	2		0;109;1050	7	1;1;1	10			
303	3		0;109;1051	7	1;1;1	10			
303	4		0;109;1052	7	1;1;1	10			
304	1		0;110;1049	7	1;1;1	10			
304	2		0;110;1050	7	1;1;1	10			
304	3		0;110;1051	7	1;1;1	10			
304	4		0;110;1052	7	1;1;1	10			
305	1	Ïçn Hoa	0;108;1129	7	1;1;1	10			
305	2		0;108;1130	7	1;1;1	10			
305	3		0;108;1131	7	1;1;1	10			
305	4		0;108;1132	7	1;1;1	10			
306	1		0;109;1129	7	1;1;1	10			
306	2		0;109;1130	7	1;1;1	10			
306	3		0;109;1131	7	1;1;1	10			
306	4		0;109;1132	7	1;1;1	10			
307	1		0;110;1129	7	1;1;1	10			
307	2		0;110;1130	7	1;1;1	10			
307	3		0;110;1131	7	1;1;1	10			
307	4		0;110;1132	7	1;1;1	10			
308	1	Chiíu Yˆn	0;108;1057	7	1;1;1	10			
308	2		0;108;1058	7	1;1;1	10			
308	3		0;108;1059	7	1;1;1	10			
308	4		0;108;1060	7	1;1;1	10			
309	1		0;109;1057	7	1;1;1	10			
309	2		0;109;1058	7	1;1;1	10			
309	3		0;109;1059	7	1;1;1	10			
309	4		0;109;1060	7	1;1;1	10			
310	1		0;110;1057	7	1;1;1	10			
310	2		0;110;1058	7	1;1;1	10			
310	3		0;110;1059	7	1;1;1	10			
310	4		0;110;1060	7	1;1;1	10			
311	1	MÕ Hçn	0;108;1069	7	1;1;1	10			
311	2		0;108;1070	7	1;1;1	10			
311	3		0;108;1071	7	1;1;1	10			
311	4		0;108;1072	7	1;1;1	10			
312	1		0;109;1069	7	1;1;1	10			
312	2		0;109;1070	7	1;1;1	10			
312	3		0;109;1071	7	1;1;1	10			
312	4		0;109;1072	7	1;1;1	10			
313	1		0;110;1069	7	1;1;1	10			
313	2		0;110;1070	7	1;1;1	10			
313	3		0;110;1071	7	1;1;1	10			
313	4		0;110;1072	7	1;1;1	10			
314	1	HÑi TriØu	0;108;1137	7	1;1;1	10			
314	2		0;108;1138	7	1;1;1	10			
314	3		0;108;1139	7	1;1;1	10			
314	4		0;108;1140	7	1;1;1	10			
315	1		0;109;1137	7	1;1;1	10			
315	2		0;109;1138	7	1;1;1	10			
315	3		0;109;1139	7	1;1;1	10			
315	4		0;109;1140	7	1;1;1	10			
316	1		0;110;1137	7	1;1;1	10			
316	2		0;110;1138	7	1;1;1	10			
316	3		0;110;1139	7	1;1;1	10			
316	4		0;110;1140	7	1;1;1	10			
317	1	Ngðc Kim	0;108;1141	7	1;1;1	10			
317	2		0;108;1142	7	1;1;1	10			
317	3		0;108;1143	7	1;1;1	10			
317	4		0;108;1144	7	1;1;1	10			
318	1		0;109;1141	7	1;1;1	10			
318	2		0;109;1142	7	1;1;1	10			
318	3		0;109;1143	7	1;1;1	10			
318	4		0;109;1144	7	1;1;1	10			
319	1		0;110;1141	7	1;1;1	10			
319	2		0;110;1142	7	1;1;1	10			
319	3		0;110;1143	7	1;1;1	10			
319	4		0;110;1144	7	1;1;1	10			
320	1	Thµy MÕ	0;108;1245	7	1;1;1	10			
320	2		0;108;1246	7	1;1;1	10			
320	3		0;108;1247	7	1;1;1	10			
320	4		0;108;1248	7	1;1;1	10			
321	1		0;109;1245	7	1;1;1	10			
321	2		0;109;1246	7	1;1;1	10			
321	3		0;109;1247	7	1;1;1	10			
321	4		0;109;1248	7	1;1;1	10			
322	1		0;110;1245	7	1;1;1	10			
322	2		0;110;1246	7	1;1;1	10			
322	3		0;110;1247	7	1;1;1	10			
322	4		0;110;1248	7	1;1;1	10			
323	1	Liåu Vˋn	0;108;1145	7	1;1;1	10			
323	2		0;108;1146	7	1;1;1	10			
323	3		0;108;1147	7	1;1;1	10			
323	4		0;108;1148	7	1;1;1	10			
324	1		0;109;1145	7	1;1;1	10			
324	2		0;109;1146	7	1;1;1	10			
324	3		0;109;1147	7	1;1;1	10			
324	4		0;109;1148	7	1;1;1	10			
325	1		0;110;1145	7	1;1;1	10			
325	2		0;110;1146	7	1;1;1	10			
325	3		0;110;1147	7	1;1;1	10			
325	4		0;110;1148	7	1;1;1	10			
326	1	Tuyít L¿c	0;108;1125	7	1;1;1	10			
326	2		0;108;1126	7	1;1;1	10			
326	3		0;108;1127	7	1;1;1	10			
326	4		0;108;1128	7	1;1;1	10			
327	1		0;109;1125	7	1;1;1	10			
327	2		0;109;1126	7	1;1;1	10			
327	3		0;109;1127	7	1;1;1	10			
327	4		0;109;1128	7	1;1;1	10			
328	1		0;110;1125	7	1;1;1	10			
328	2		0;110;1126	7	1;1;1	10			
328	3		0;110;1127	7	1;1;1	10			
328	4		0;110;1128	7	1;1;1	10			
329	1	Nh¿n Træ	0;108;1133	7	1;1;1	10			
329	2		0;108;1134	7	1;1;1	10			
329	3		0;108;1135	7	1;1;1	10			
329	4		0;108;1136	7	1;1;1	10			
330	1		0;109;1133	7	1;1;1	10			
330	2		0;109;1134	7	1;1;1	10			
330	3		0;109;1135	7	1;1;1	10			
330	4		0;109;1136	7	1;1;1	10			
331	1		0;110;1133	7	1;1;1	10			
331	2		0;110;1134	7	1;1;1	10			
331	3		0;110;1135	7	1;1;1	10			
331	4		0;110;1136	7	1;1;1	10			
332	1	Thanh SÙ˜ng	0;108;1149	7	1;1;1	10			
332	2		0;108;1150	7	1;1;1	10			
332	3		0;108;1151	7	1;1;1	10			
332	4		0;108;1152	7	1;1;1	10			
333	1		0;109;1149	7	1;1;1	10			
333	2		0;109;1150	7	1;1;1	10			
333	3		0;109;1151	7	1;1;1	10			
333	4		0;109;1152	7	1;1;1	10			
334	1		0;110;1149	7	1;1;1	10			
334	2		0;110;1150	7	1;1;1	10			
334	3		0;110;1151	7	1;1;1	10			
334	4		0;110;1152	7	1;1;1	10			
335	1	HÔa Phong	0;108;1153	7	1;1;1	10			
335	2		0;108;1154	7	1;1;1	10			
335	3		0;108;1155	7	1;1;1	10			
335	4		0;108;1156	7	1;1;1	10			
336	1		0;109;1153	7	1;1;1	10			
336	2		0;109;1154	7	1;1;1	10			
336	3		0;109;1155	7	1;1;1	10			
336	4		0;109;1156	7	1;1;1	10			
337	1		0;110;1153	7	1;1;1	10			
337	2		0;110;1154	7	1;1;1	10			
337	3		0;110;1155	7	1;1;1	10			
337	4		0;110;1156	7	1;1;1	10			
338	1	HÙ˜ng Tr¿ch	0;108;1157	7	1;1;1	10			
338	2		0;108;1158	7	1;1;1	10			
338	3		0;108;1159	7	1;1;1	10			
338	4		0;108;1160	7	1;1;1	10			
339	1		0;109;1157	7	1;1;1	10			
339	2		0;109;1158	7	1;1;1	10			
339	3		0;109;1159	7	1;1;1	10			
339	4		0;109;1160	7	1;1;1	10			
340	1		0;110;1157	7	1;1;1	10			
340	2		0;110;1158	7	1;1;1	10			
340	3		0;110;1159	7	1;1;1	10			
340	4		0;110;1160	7	1;1;1	10			
341	1	U ThÑo	0;108;1161	7	1400;5600;999999	10			
341	2		0;108;1162	7	1400;5600;999999	10			
341	3		0;108;1163	7	1400;5600;999999	10			
341	4		0;108;1164	7	1400;5600;999999	10			
342	1		0;109;1161	7	1400;5600;999999	10			
342	2		0;109;1162	7	1400;5600;999999	10			
342	3		0;109;1163	7	1400;5600;999999	10			
342	4		0;109;1164	7	1400;5600;999999	10			
343	1		0;110;1161	7	1400;5600;999999	10			
343	2		0;110;1162	7	1400;5600;999999	10			
343	3		0;110;1163	7	1400;5600;999999	10			
343	4		0;110;1164	7	1400;5600;999999	10			
344	1	LÕ Hoa	0;108;1165	7	1400;5600;999999	10			
344	2		0;108;1166	7	1400;5600;999999	10			
344	3		0;108;1167	7	1400;5600;999999	10			
344	4		0;108;1168	7	1400;5600;999999	10			
345	1		0;109;1165	7	1400;5600;999999	10			
345	2		0;109;1166	7	1400;5600;999999	10			
345	3		0;109;1167	7	1400;5600;999999	10			
345	4		0;109;1168	7	1400;5600;999999	10			
346	1		0;110;1165	7	1400;5600;999999	10			
346	2		0;110;1166	7	1400;5600;999999	10			
346	3		0;110;1167	7	1400;5600;999999	10			
346	4		0;110;1168	7	1400;5600;999999	10			
347	1	TÒ Nga	0;108;1169	7	1400;5600;999999	10			
347	2		0;108;1170	7	1400;5600;999999	10			
347	3		0;108;1171	7	1400;5600;999999	10			
347	4		0;108;1172	7	1400;5600;999999	10			
348	1		0;109;1169	7	1400;5600;999999	10			
348	2		0;109;1170	7	1400;5600;999999	10			
348	3		0;109;1171	7	1400;5600;999999	10			
348	4		0;109;1172	7	1400;5600;999999	10			
349	1		0;110;1169	7	1400;5600;999999	10			
349	2		0;110;1170	7	1400;5600;999999	10			
349	3		0;110;1171	7	1400;5600;999999	10			
349	4		0;110;1172	7	1400;5600;999999	10			
350	1	L¿c SÙ˜ng	0;108;1173	7	1400;5600;999999	10			
350	2		0;108;1174	7	1400;5600;999999	10			
350	3		0;108;1175	7	1400;5600;999999	10			
350	4		0;108;1176	7	1400;5600;999999	10			
351	1		0;109;1173	7	1400;5600;999999	10			
351	2		0;109;1174	7	1400;5600;999999	10			
351	3		0;109;1175	7	1400;5600;999999	10			
351	4		0;109;1176	7	1400;5600;999999	10			
352	1		0;110;1173	7	1400;5600;999999	10			
352	2		0;110;1174	7	1400;5600;999999	10			
352	3		0;110;1175	7	1400;5600;999999	10			
352	4		0;110;1176	7	1400;5600;999999	10			
353	1	Hçn Kh¨ng	0;108;1181	7	1400;5600;999999	10			
353	2		0;108;1182	7	1400;5600;999999	10			
353	3		0;108;1183	7	1400;5600;999999	10			
353	4		0;108;1184	7	1400;5600;999999	10			
354	1		0;109;1181	7	1400;5600;999999	10			
354	2		0;109;1182	7	1400;5600;999999	10			
354	3		0;109;1183	7	1400;5600;999999	10			
354	4		0;109;1184	7	1400;5600;999999	10			
355	1		0;110;1181	7	1400;5600;999999	10			
355	2		0;110;1182	7	1400;5600;999999	10			
355	3		0;110;1183	7	1400;5600;999999	10			
355	4		0;110;1184	7	1400;5600;999999	10			
356	1	Vˋn Nguyøt	0;108;1185	7	1400;5600;999999	10			
356	2		0;108;1186	7	1400;5600;999999	10			
356	3		0;108;1187	7	1400;5600;999999	10			
356	4		0;108;1188	7	1400;5600;999999	10			
357	1		0;109;1185	7	1400;5600;999999	10			
357	2		0;109;1186	7	1400;5600;999999	10			
357	3		0;109;1187	7	1400;5600;999999	10			
357	4		0;109;1188	7	1400;5600;999999	10			
358	1		0;110;1185	7	1400;5600;999999	10			
358	2		0;110;1186	7	1400;5600;999999	10			
358	3		0;110;1187	7	1400;5600;999999	10			
358	4		0;110;1188	7	1400;5600;999999	10			
359	1	Thanh Thu	0;108;1189	7	1400;5600;999999	10			
359	2		0;108;1190	7	1400;5600;999999	10			
359	3		0;108;1191	7	1400;5600;999999	10			
359	4		0;108;1192	7	1400;5600;999999	10			
360	1		0;109;1189	7	1400;5600;999999	10			
360	2		0;109;1190	7	1400;5600;999999	10			
360	3		0;109;1191	7	1400;5600;999999	10			
360	4		0;109;1192	7	1400;5600;999999	10			
361	1		0;110;1189	7	1400;5600;999999	10			
361	2		0;110;1190	7	1400;5600;999999	10			
361	3		0;110;1191	7	1400;5600;999999	10			
361	4		0;110;1192	7	1400;5600;999999	10			
362	1	B´ng LÕ	0;108;1197	7	1400;5600;999999	10			
362	2		0;108;1198	7	1400;5600;999999	10			
362	3		0;108;1199	7	1400;5600;999999	10			
362	4		0;108;1200	7	1400;5600;999999	10			
363	1		0;109;1197	7	1400;5600;999999	10			
363	2		0;109;1198	7	1400;5600;999999	10			
363	3		0;109;1199	7	1400;5600;999999	10			
363	4		0;109;1200	7	1400;5600;999999	10			
364	1		0;110;1197	7	1400;5600;999999	10			
364	2		0;110;1198	7	1400;5600;999999	10			
364	3		0;110;1199	7	1400;5600;999999	10			
364	4		0;110;1200	7	1400;5600;999999	10			
365	1	Thanh Quºnh	0;108;1201	7	1400;5600;999999	10			
365	2		0;108;1202	7	1400;5600;999999	10			
365	3		0;108;1203	7	1400;5600;999999	10			
365	4		0;108;1204	7	1400;5600;999999	10			
366	1		0;109;1201	7	1400;5600;999999	10			
366	2		0;109;1202	7	1400;5600;999999	10			
366	3		0;109;1203	7	1400;5600;999999	10			
366	4		0;109;1204	7	1400;5600;999999	10			
367	1		0;110;1201	7	1400;5600;999999	10			
367	2		0;110;1202	7	1400;5600;999999	10			
367	3		0;110;1203	7	1400;5600;999999	10			
367	4		0;110;1204	7	1400;5600;999999	10			
368	1	Thanh D¿	0;108;1205	7	1400;5600;999999	10			
368	2		0;108;1206	7	1400;5600;999999	10			
368	3		0;108;1207	7	1400;5600;999999	10			
368	4		0;108;1208	7	1400;5600;999999	10			
369	1		0;109;1205	7	1400;5600;999999	10			
369	2		0;109;1206	7	1400;5600;999999	10			
369	3		0;109;1207	7	1400;5600;999999	10			
369	4		0;109;1208	7	1400;5600;999999	10			
370	1		0;110;1205	7	1400;5600;999999	10			
370	2		0;110;1206	7	1400;5600;999999	10			
370	3		0;110;1207	7	1400;5600;999999	10			
370	4		0;110;1208	7	1400;5600;999999	10			
371	1	Th¡i Minh	0;108;1209	7	1400;5600;999999	10			
371	2		0;108;1210	7	1400;5600;999999	10			
371	3		0;108;1211	7	1400;5600;999999	10			
371	4		0;108;1212	7	1400;5600;999999	10			
372	1		0;109;1209	7	1400;5600;999999	10			
372	2		0;109;1210	7	1400;5600;999999	10			
372	3		0;109;1211	7	1400;5600;999999	10			
372	4		0;109;1212	7	1400;5600;999999	10			
373	1		0;110;1209	7	1400;5600;999999	10			
373	2		0;110;1210	7	1400;5600;999999	10			
373	3		0;110;1211	7	1400;5600;999999	10			
373	4		0;110;1212	7	1400;5600;999999	10			
374	1	Phi HÙ˜ng	0;108;1213	7	1400;5600;999999	10			
374	2		0;108;1214	7	1400;5600;999999	10			
374	3		0;108;1215	7	1400;5600;999999	10			
374	4		0;108;1216	7	1400;5600;999999	10			
375	1		0;109;1213	7	1400;5600;999999	10			
375	2		0;109;1214	7	1400;5600;999999	10			
375	3		0;109;1215	7	1400;5600;999999	10			
375	4		0;109;1216	7	1400;5600;999999	10			
376	1		0;110;1213	7	1400;5600;999999	10			
376	2		0;110;1214	7	1400;5600;999999	10			
376	3		0;110;1215	7	1400;5600;999999	10			
376	4		0;110;1216	7	1400;5600;999999	10			
377	1	L´ng Ba	0;108;1217	7	1400;5600;999999	10			
377	2		0;108;1218	7	1400;5600;999999	10			
377	3		0;108;1219	7	1400;5600;999999	10			
377	4		0;108;1220	7	1400;5600;999999	10			
378	1		0;109;1217	7	1400;5600;999999	10			
378	2		0;109;1218	7	1400;5600;999999	10			
378	3		0;109;1219	7	1400;5600;999999	10			
378	4		0;109;1220	7	1400;5600;999999	10			
379	1		0;110;1217	7	1400;5600;999999	10			
379	2		0;110;1218	7	1400;5600;999999	10			
379	3		0;110;1219	7	1400;5600;999999	10			
379	4		0;110;1220	7	1400;5600;999999	10			
380	1	Chµc Minh	0;108;1221	7	1400;5600;999999	10			
380	2		0;108;1222	7	1400;5600;999999	10			
380	3		0;108;1223	7	1400;5600;999999	10			
380	4		0;108;1224	7	1400;5600;999999	10			
381	1		0;109;1221	7	1400;5600;999999	10			
381	2		0;109;1222	7	1400;5600;999999	10			
381	3		0;109;1223	7	1400;5600;999999	10			
381	4		0;109;1224	7	1400;5600;999999	10			
382	1		0;110;1221	7	1400;5600;999999	10			
382	2		0;110;1222	7	1400;5600;999999	10			
382	3		0;110;1223	7	1400;5600;999999	10			
382	4		0;110;1224	7	1400;5600;999999	10			
383	1	Xuˋn S˜n	0;108;1225	7	1400;5600;999999	10			
383	2		0;108;1226	7	1400;5600;999999	10			
383	3		0;108;1227	7	1400;5600;999999	10			
383	4		0;108;1228	7	1400;5600;999999	10			
384	1		0;109;1225	7	1400;5600;999999	10			
384	2		0;109;1226	7	1400;5600;999999	10			
384	3		0;109;1227	7	1400;5600;999999	10			
384	4		0;109;1228	7	1400;5600;999999	10			
385	1		0;110;1225	7	1400;5600;999999	10			
385	2		0;110;1226	7	1400;5600;999999	10			
385	3		0;110;1227	7	1400;5600;999999	10			
385	4		0;110;1228	7	1400;5600;999999	10			
386	1	Thanh LÙu	0;108;1229	7	1400;5600;999999	10			
386	2		0;108;1230	7	1400;5600;999999	10			
386	3		0;108;1231	7	1400;5600;999999	10			
386	4		0;108;1232	7	1400;5600;999999	10			
387	1		0;109;1229	7	1400;5600;999999	10			
387	2		0;109;1230	7	1400;5600;999999	10			
387	3		0;109;1231	7	1400;5600;999999	10			
387	4		0;109;1232	7	1400;5600;999999	10			
388	1		0;110;1229	7	1400;5600;999999	10			
388	2		0;110;1230	7	1400;5600;999999	10			
388	3		0;110;1231	7	1400;5600;999999	10			
388	4		0;110;1232	7	1400;5600;999999	10			
389	1	LÙu Oanh	0;108;1237	7	1400;5600;999999	10			
389	2		0;108;1238	7	1400;5600;999999	10			
389	3		0;108;1239	7	1400;5600;999999	10			
389	4		0;108;1240	7	1400;5600;999999	10			
390	1		0;109;1237	7	1400;5600;999999	10			
390	2		0;109;1238	7	1400;5600;999999	10			
390	3		0;109;1239	7	1400;5600;999999	10			
390	4		0;109;1240	7	1400;5600;999999	10			
391	1		0;110;1237	7	1400;5600;999999	10			
391	2		0;110;1238	7	1400;5600;999999	10			
391	3		0;110;1239	7	1400;5600;999999	10			
391	4		0;110;1240	7	1400;5600;999999	10			
392	1	Bïch AÑnh	0;108;1253	7	1400;5600;999999	10			
392	2		0;108;1254	7	1400;5600;999999	10			
392	3		0;108;1255	7	1400;5600;999999	10			
392	4		0;108;1256	7	1400;5600;999999	10			
393	1		0;109;1253	7	1400;5600;999999	10			
393	2		0;109;1254	7	1400;5600;999999	10			
393	3		0;109;1255	7	1400;5600;999999	10			
393	4		0;109;1256	7	1400;5600;999999	10			
394	1		0;110;1253	7	1400;5600;999999	10			
394	2		0;110;1254	7	1400;5600;999999	10			
394	3		0;110;1255	7	1400;5600;999999	10			
394	4		0;110;1256	7	1400;5600;999999	10			
395	1	Tinh Vˋn	0;108;1257	7	1400;5600;999999	10			
395	2		0;108;1258	7	1400;5600;999999	10			
395	3		0;108;1259	7	1400;5600;999999	10			
395	4		0;108;1260	7	1400;5600;999999	10			
396	1		0;109;1257	7	1400;5600;999999	10			
396	2		0;109;1258	7	1400;5600;999999	10			
396	3		0;109;1259	7	1400;5600;999999	10			
396	4		0;109;1260	7	1400;5600;999999	10			
397	1		0;110;1257	7	1400;5600;999999	10			
397	2		0;110;1258	7	1400;5600;999999	10			
397	3		0;110;1259	7	1400;5600;999999	10			
397	4		0;110;1260	7	1400;5600;999999	10			
398	1	HÙ˜ng AÑnh	0;108;1261	7	1400;5600;999999	10			
398	2		0;108;1262	7	1400;5600;999999	10			
398	3		0;108;1263	7	1400;5600;999999	10			
398	4		0;108;1264	7	1400;5600;999999	10			
399	1		0;109;1261	7	1400;5600;999999	10			
399	2		0;109;1262	7	1400;5600;999999	10			
399	3		0;109;1263	7	1400;5600;999999	10			
399	4		0;109;1264	7	1400;5600;999999	10			
400	1		0;110;1261	7	1400;5600;999999	10			
400	2		0;110;1262	7	1400;5600;999999	10			
400	3		0;110;1263	7	1400;5600;999999	10			
400	4		0;110;1264	7	1400;5600;999999	10			
401	1	Hçn Vˋn	0;108;1267	7	1400;5600;999999	10			
401	2		0;108;1268	7	1400;5600;999999	10			
401	3		0;108;1269	7	1400;5600;999999	10			
401	4		0;108;1270	7	1400;5600;999999	10			
402	1		0;109;1267	7	1400;5600;999999	10			
402	2		0;109;1268	7	1400;5600;999999	10			
402	3		0;109;1269	7	1400;5600;999999	10			
402	4		0;109;1270	7	1400;5600;999999	10			
403	1		0;110;1267	7	1400;5600;999999	10			
403	2		0;110;1268	7	1400;5600;999999	10			
403	3		0;110;1269	7	1400;5600;999999	10			
403	4		0;110;1270	7	1400;5600;999999	10			
404	1	Hçn Anh	0;108;1271	7	1400;5600;999999	10			
404	2		0;108;1272	7	1400;5600;999999	10			
404	3		0;108;1273	7	1400;5600;999999	10			
404	4		0;108;1274	7	1400;5600;999999	10			
405	1		0;109;1271	7	1400;5600;999999	10			
405	2		0;109;1272	7	1400;5600;999999	10			
405	3		0;109;1273	7	1400;5600;999999	10			
405	4		0;109;1274	7	1400;5600;999999	10			
406	1		0;110;1271	7	1400;5600;999999	10			
406	2		0;110;1272	7	1400;5600;999999	10			
406	3		0;110;1273	7	1400;5600;999999	10			
406	4		0;110;1274	7	1400;5600;999999	10			
407	1	Thanh CÑnh	0;108;1275	7	1400;5600;999999	10			
407	2		0;108;1276	7	1400;5600;999999	10			
407	3		0;108;1277	7	1400;5600;999999	10			
407	4		0;108;1278	7	1400;5600;999999	10			
408	1		0;109;1275	7	1400;5600;999999	10			
408	2		0;109;1276	7	1400;5600;999999	10			
408	3		0;109;1277	7	1400;5600;999999	10			
408	4		0;109;1278	7	1400;5600;999999	10			
409	1		0;110;1275	7	1400;5600;999999	10			
409	2		0;110;1276	7	1400;5600;999999	10			
409	3		0;110;1277	7	1400;5600;999999	10			
409	4		0;110;1278	7	1400;5600;999999	10			
410	1	Khinh Phong	0;108;1279	7	1400;5600;999999	10			
410	2		0;108;1280	7	1400;5600;999999	10			
410	3		0;108;1281	7	1400;5600;999999	10			
410	4		0;108;1282	7	1400;5600;999999	10			
411	1		0;109;1279	7	1400;5600;999999	10			
411	2		0;109;1280	7	1400;5600;999999	10			
411	3		0;109;1281	7	1400;5600;999999	10			
411	4		0;109;1282	7	1400;5600;999999	10			
412	1		0;110;1279	7	1400;5600;999999	10			
412	2		0;110;1280	7	1400;5600;999999	10			
412	3		0;110;1281	7	1400;5600;999999	10			
412	4		0;110;1282	7	1400;5600;999999	10			
413	1	Yˆn Liåu	0;108;1283	7	1400;5600;999999	10			
413	2		0;108;1284	7	1400;5600;999999	10			
413	3		0;108;1285	7	1400;5600;999999	10			
413	4		0;108;1286	7	1400;5600;999999	10			
414	1		0;109;1283	7	1400;5600;999999	10			
414	2		0;109;1284	7	1400;5600;999999	10			
414	3		0;109;1285	7	1400;5600;999999	10			
414	4		0;109;1286	7	1400;5600;999999	10			
415	1		0;110;1283	7	1400;5600;999999	10			
415	2		0;110;1284	7	1400;5600;999999	10			
415	3		0;110;1285	7	1400;5600;999999	10			
415	4		0;110;1286	7	1400;5600;999999	10			
419	1	H¿nh V·	0;108;1295	7	1400;5600;999999	10			
419	2		0;108;1296	7	1400;5600;999999	10			
419	3		0;108;1297	7	1400;5600;999999	10			
419	4		0;108;1298	7	1400;5600;999999	10			
420	1		0;109;1295	7	1400;5600;999999	10			
420	2		0;109;1296	7	1400;5600;999999	10			
420	3		0;109;1297	7	1400;5600;999999	10			
420	4		0;109;1298	7	1400;5600;999999	10			
421	1		0;110;1295	7	1400;5600;999999	10			
421	2		0;110;1296	7	1400;5600;999999	10			
421	3		0;110;1297	7	1400;5600;999999	10			
421	4		0;110;1298	7	1400;5600;999999	10			
422	1	Thùp L»	0;108;1299	7	1400;5600;999999	10			
422	2		0;108;1300	7	1400;5600;999999	10			
422	3		0;108;1301	7	1400;5600;999999	10			
422	4		0;108;1302	7	1400;5600;999999	10			
423	1		0;109;1299	7	1400;5600;999999	10			
423	2		0;109;1300	7	1400;5600;999999	10			
423	3		0;109;1301	7	1400;5600;999999	10			
423	4		0;109;1302	7	1400;5600;999999	10			
424	1		0;110;1299	7	1400;5600;999999	10			
424	2		0;110;1300	7	1400;5600;999999	10			
424	3		0;110;1301	7	1400;5600;999999	10			
424	4		0;110;1302	7	1400;5600;999999	10			
425	1	HuyØn SÙ˜ng	0;108;1303	7	1400;5600;999999	10			
425	2		0;108;1304	7	1400;5600;999999	10			
425	3		0;108;1305	7	1400;5600;999999	10			
425	4		0;108;1306	7	1400;5600;999999	10			
426	1		0;109;1303	7	1400;5600;999999	10			
426	2		0;109;1304	7	1400;5600;999999	10			
426	3		0;109;1305	7	1400;5600;999999	10			
426	4		0;109;1306	7	1400;5600;999999	10			
427	1		0;110;1303	7	1400;5600;999999	10			
427	2		0;110;1304	7	1400;5600;999999	10			
427	3		0;110;1305	7	1400;5600;999999	10			
427	4		0;110;1306	7	1400;5600;999999	10			
428	1	Tuyít Mai	0;108;1307	7	1400;5600;999999	10			
428	2		0;108;1308	7	1400;5600;999999	10			
428	3		0;108;1309	7	1400;5600;999999	10			
428	4		0;108;1310	7	1400;5600;999999	10			
429	1		0;109;1307	7	1400;5600;999999	10			
429	2		0;109;1308	7	1400;5600;999999	10			
429	3		0;109;1309	7	1400;5600;999999	10			
429	4		0;109;1310	7	1400;5600;999999	10			
430	1		0;110;1307	7	1400;5600;999999	10			
430	2		0;110;1308	7	1400;5600;999999	10			
430	3		0;110;1309	7	1400;5600;999999	10			
430	4		0;110;1310	7	1400;5600;999999	10			
431	1	Thu Nguyøt	0;108;1311	7	1400;5600;999999	10			
431	2		0;108;1312	7	1400;5600;999999	10			
431	3		0;108;1313	7	1400;5600;999999	10			
431	4		0;108;1314	7	1400;5600;999999	10			
432	1		0;109;1311	7	1400;5600;999999	10			
432	2		0;109;1312	7	1400;5600;999999	10			
432	3		0;109;1313	7	1400;5600;999999	10			
432	4		0;109;1314	7	1400;5600;999999	10			
433	1		0;110;1311	7	1400;5600;999999	10			
433	2		0;110;1312	7	1400;5600;999999	10			
433	3		0;110;1313	7	1400;5600;999999	10			
433	4		0;110;1314	7	1400;5600;999999	10			
434	1	Ngo¿i trang mÚi 1	0;108;1351	7	3000;9000;999999	10			
434	2		0;108;1352	7	3000;9000;999999	10			
434	3		0;108;1353	7	3000;9000;999999	10			
434	4		0;108;1354	7	3000;9000;999999	10			
435	1		0;109;1351	7	3000;9000;999999	10			
435	2		0;109;1352	7	3000;9000;999999	10			
435	3		0;109;1353	7	3000;9000;999999	10			
435	4		0;109;1354	7	3000;9000;999999	10			
436	1		0;110;1351	7	3000;9000;999999	10			
436	2		0;110;1352	7	3000;9000;999999	10			
436	3		0;110;1353	7	3000;9000;999999	10			
436	4		0;110;1354	7	3000;9000;999999	10			
437	1	Ngo¿i trang mÚi 2	0;108;1319	7	3000;9000;999999	10			
437	2		0;108;1320	7	3000;9000;999999	10			
437	3		0;108;1321	7	3000;9000;999999	10			
437	4		0;108;1322	7	3000;9000;999999	10			
438	1		0;109;1319	7	3000;9000;999999	10			
438	2		0;109;1320	7	3000;9000;999999	10			
438	3		0;109;1321	7	3000;9000;999999	10			
438	4		0;109;1322	7	3000;9000;999999	10			
439	1		0;110;1319	7	3000;9000;999999	10			
439	2		0;110;1320	7	3000;9000;999999	10			
439	3		0;110;1321	7	3000;9000;999999	10			
439	4		0;110;1322	7	3000;9000;999999	10			
440	1	Ngo¿i trang mÚi 3	0;108;1315	7	3000;9000;999999	10			
440	2		0;108;1316	7	3000;9000;999999	10			
440	3		0;108;1317	7	3000;9000;999999	10			
440	4		0;108;1318	7	3000;9000;999999	10			
441	1		0;109;1315	7	3000;9000;999999	10			
441	2		0;109;1316	7	3000;9000;999999	10			
441	3		0;109;1317	7	3000;9000;999999	10			
441	4		0;109;1318	7	3000;9000;999999	10			
442	1		0;110;1315	7	3000;9000;999999	10			
442	2		0;110;1316	7	3000;9000;999999	10			
442	3		0;110;1317	7	3000;9000;999999	10			
442	4		0;110;1318	7	3000;9000;999999	10			
443	1	Ngo¿i trang mÚi 4	0;108;1323	7	3000;9000;999999	10			
443	2		0;108;1324	7	3000;9000;999999	10			
443	3		0;108;1325	7	3000;9000;999999	10			
443	4		0;108;1326	7	3000;9000;999999	10			
444	1		0;109;1323	7	3000;9000;999999	10			
444	2		0;109;1324	7	3000;9000;999999	10			
444	3		0;109;1325	7	3000;9000;999999	10			
444	4		0;109;1326	7	3000;9000;999999	10			
445	1		0;110;1323	7	3000;9000;999999	10			
445	2		0;110;1324	7	3000;9000;999999	10			
445	3		0;110;1325	7	3000;9000;999999	10			
445	4		0;110;1326	7	3000;9000;999999	10			
446	1	Ngo¿i trang mÚi 5	0;108;1331	7	3000;9000;999999	10			
446	2		0;108;1332	7	3000;9000;999999	10			
446	3		0;108;1333	7	3000;9000;999999	10			
446	4		0;108;1334	7	3000;9000;999999	10			
447	1		0;109;1331	7	3000;9000;999999	10			
447	2		0;109;1332	7	3000;9000;999999	10			
447	3		0;109;1333	7	3000;9000;999999	10			
447	4		0;109;1334	7	3000;9000;999999	10			
448	1		0;110;1331	7	3000;9000;999999	10			
448	2		0;110;1332	7	3000;9000;999999	10			
448	3		0;110;1333	7	3000;9000;999999	10			
448	4		0;110;1334	7	3000;9000;999999	10			
449	1	Ngo¿i trang mÚi 6	0;108;1339	7	3000;9000;999999	10			
449	2		0;108;1340	7	3000;9000;999999	10			
449	3		0;108;1341	7	3000;9000;999999	10			
449	4		0;108;1342	7	3000;9000;999999	10			
450	1		0;109;1339	7	3000;9000;999999	10			
450	2		0;109;1340	7	3000;9000;999999	10			
450	3		0;109;1341	7	3000;9000;999999	10			
450	4		0;109;1342	7	3000;9000;999999	10			
451	1		0;110;1339	7	3000;9000;999999	10			
451	2		0;110;1340	7	3000;9000;999999	10			
451	3		0;110;1341	7	3000;9000;999999	10			
451	4		0;110;1342	7	3000;9000;999999	10			
452	1	Ngo¿i trang mÚi 7	0;108;1335	7	3000;9000;999999	10			
452	2		0;108;1336	7	3000;9000;999999	10			
452	3		0;108;1337	7	3000;9000;999999	10			
452	4		0;108;1338	7	3000;9000;999999	10			
453	1		0;109;1335	7	3000;9000;999999	10			
453	2		0;109;1336	7	3000;9000;999999	10			
453	3		0;109;1337	7	3000;9000;999999	10			
453	4		0;109;1338	7	3000;9000;999999	10			
454	1		0;110;1335	7	3000;9000;999999	10			
454	2		0;110;1336	7	3000;9000;999999	10			
454	3		0;110;1337	7	3000;9000;999999	10			
454	4		0;110;1338	7	3000;9000;999999	10			
455	1	Ngo¿i trang mÚi 8	0;108;1355	7	3000;9000;999999	10			
455	2		0;108;1356	7	3000;9000;999999	10			
455	3		0;108;1357	7	3000;9000;999999	10			
455	4		0;108;1358	7	3000;9000;999999	10			
456	1		0;109;1355	7	3000;9000;999999	10			
456	2		0;109;1356	7	3000;9000;999999	10			
456	3		0;109;1357	7	3000;9000;999999	10			
456	4		0;109;1358	7	3000;9000;999999	10			
457	1		0;110;1355	7	3000;9000;999999	10			
457	2		0;110;1356	7	3000;9000;999999	10			
457	3		0;110;1357	7	3000;9000;999999	10			
457	4		0;110;1358	7	3000;9000;999999	10			
458	1	Ngo¿i trang mÚi 9	0;108;1343	7	3000;9000;999999	10			
458	2		0;108;1344	7	3000;9000;999999	10			
458	3		0;108;1345	7	3000;9000;999999	10			
458	4		0;108;1346	7	3000;9000;999999	10			
459	1		0;109;1343	7	3000;9000;999999	10			
459	2		0;109;1344	7	3000;9000;999999	10			
459	3		0;109;1345	7	3000;9000;999999	10			
459	4		0;109;1346	7	3000;9000;999999	10			
460	1		0;110;1343	7	3000;9000;999999	10			
460	2		0;110;1344	7	3000;9000;999999	10			
460	3		0;110;1345	7	3000;9000;999999	10			
460	4		0;110;1346	7	3000;9000;999999	10			
461	1	Ngo¿i trang mÚi 10	0;108;1327	7	3000;9000;999999	10			
461	2		0;108;1328	7	3000;9000;999999	10			
461	3		0;108;1329	7	3000;9000;999999	10			
461	4		0;108;1330	7	3000;9000;999999	10			
462	1		0;109;1327	7	3000;9000;999999	10			
462	2		0;109;1328	7	3000;9000;999999	10			
462	3		0;109;1329	7	3000;9000;999999	10			
462	4		0;109;1330	7	3000;9000;999999	10			
463	1		0;110;1327	7	3000;9000;999999	10			
463	2		0;110;1328	7	3000;9000;999999	10			
463	3		0;110;1329	7	3000;9000;999999	10			
463	4		0;110;1330	7	3000;9000;999999	10			
464	1	Ngo¿i trang mÚi 11	0;108;1371	7	3000;9000;999999	10			
464	2		0;108;1372	7	3000;9000;999999	10			
464	3		0;108;1373	7	3000;9000;999999	10			
464	4		0;108;1374	7	3000;9000;999999	10			
465	1		0;109;1371	7	3000;9000;999999	10			
465	2		0;109;1372	7	3000;9000;999999	10			
465	3		0;109;1373	7	3000;9000;999999	10			
465	4		0;109;1374	7	3000;9000;999999	10			
466	1		0;110;1371	7	3000;9000;999999	10			
466	2		0;110;1372	7	3000;9000;999999	10			
466	3		0;110;1373	7	3000;9000;999999	10			
466	4		0;110;1374	7	3000;9000;999999	10			