ItemIndex	BodyType	GroupName	GDP	SellType	SellPrices	PopPrice	GiftPrice	Not4Sale	Charm
1	1	Thi¬n óm Trang	0;108;562	7	300;900;2700	4			15
1	2		0;108;563	7	300;900;2700	4			15
1	3		0;108;564	7	300;900;2700	4			15
1	4		0;108;565	7	300;900;2700	4			15
2	1		0;109;562	7	300;900;2700	4			15
2	2		0;109;563	7	300;900;2700	4			15
2	3		0;109;564	7	300;900;2700	4			15
2	4		0;109;565	7	300;900;2700	4			15
3	1		0;110;562	7	300;900;2700	4			15
3	2		0;110;563	7	300;900;2700	4			15
3	3		0;110;564	7	300;900;2700	4			15
3	4		0;110;565	7	300;900;2700	4			15
4	1	ThiËu DşČng ph˘c	0;108;566	7	300;900;2700	4			15
4	2		0;108;567	7	300;900;2700	4			15
4	3		0;108;568	7	300;900;2700	4			15
4	4		0;108;569	7	300;900;2700	4			15
5	1		0;109;566	7	300;900;2700	4			15
5	2		0;109;567	7	300;900;2700	4			15
5	3		0;109;568	7	300;900;2700	4			15
5	4		0;109;569	7	300;900;2700	4			15
6	1		0;110;566	7	300;900;2700	4			15
6	2		0;110;567	7	300;900;2700	4			15
6	3		0;110;568	7	300;900;2700	4			15
6	4		0;110;569	7	300;900;2700	4			15
7	1	VĘn S÷ Trang	0;108;570	7	300;900;2700	4			15
7	2		0;108;571	7	300;900;2700	4			15
7	3		0;108;572	7	300;900;2700	4			15
7	4		0;108;573	7	300;900;2700	4			15
8	1		0;109;570	7	300;900;2700	4			15
8	2		0;109;571	7	300;900;2700	4			15
8	3		0;109;572	7	300;900;2700	4			15
8	4		0;109;573	7	300;900;2700	4			15
9	1		0;110;570	7	300;900;2700	4			15
9	2		0;110;571	7	300;900;2700	4			15
9	3		0;110;572	7	300;900;2700	4			15
9	4		0;110;573	7	300;900;2700	4			15
10	1	T° Linh Trang (vÁng)	0;108;30001	7	300;900;2700	4			15
10	2		0;108;30002	7	300;900;2700	4			15
10	3		0;108;30003	7	300;900;2700	4			15
10	4		0;108;30004	7	300;900;2700	4			15
11	1		0;109;30001	7	300;900;2700	4			15
11	2		0;109;30002	7	300;900;2700	4			15
11	3		0;109;30003	7	300;900;2700	4			15
11	4		0;109;30004	7	300;900;2700	4			15
12	1		0;110;30001	7	300;900;2700	4			15
12	2		0;110;30002	7	300;900;2700	4			15
12	3		0;110;30003	7	300;900;2700	4			15
12	4		0;110;30004	7	300;900;2700	4			15
13	1	T° Linh Trang (TŢm)	0;108;30005	7	300;900;2700	4			15
13	2		0;108;30006	7	300;900;2700	4			15
13	3		0;108;30007	7	300;900;2700	4			15
13	4		0;108;30008	7	300;900;2700	4			15
14	1		0;109;30005	7	300;900;2700	4			15
14	2		0;109;30006	7	300;900;2700	4			15
14	3		0;109;30007	7	300;900;2700	4			15
14	4		0;109;30008	7	300;900;2700	4			15
15	1		0;110;30005	7	300;900;2700	4			15
15	2		0;110;30006	7	300;900;2700	4			15
15	3		0;110;30007	7	300;900;2700	4			15
15	4		0;110;30008	7	300;900;2700	4			15
16	1	T° Linh Trang (lam)	0;108;30009	7	300;900;2700	4			15
16	2		0;108;30010	7	300;900;2700	4			15
16	3		0;108;30011	7	300;900;2700	4			15
16	4		0;108;30012	7	300;900;2700	4			15
17	1		0;109;30009	7	300;900;2700	4			15
17	2		0;109;30010	7	300;900;2700	4			15
17	3		0;109;30011	7	300;900;2700	4			15
17	4		0;109;30012	7	300;900;2700	4			15
18	1		0;110;30009	7	300;900;2700	4			15
18	2		0;110;30010	7	300;900;2700	4			15
18	3		0;110;30011	7	300;900;2700	4			15
18	4		0;110;30012	7	300;900;2700	4			15
19	1	B╣ch Kim Trang	0;108;30013	7	300;900;2700	4			15
19	2		0;108;30014	7	300;900;2700	4			15
19	3		0;108;30015	7	300;900;2700	4			15
19	4		0;108;30016	7	300;900;2700	4			15
20	1		0;109;30013	7	300;900;2700	4			15
20	2		0;109;30014	7	300;900;2700	4			15
20	3		0;109;30015	7	300;900;2700	4			15
20	4		0;109;30016	7	300;900;2700	4			15
21	1		0;110;30013	7	300;900;2700	4			15
21	2		0;110;30014	7	300;900;2700	4			15
21	3		0;110;30015	7	300;900;2700	4			15
21	4		0;110;30016	7	300;900;2700	4			15
22	1	Tinh Khżc Trang	0;108;30017	7	300;900;2700	4			15
22	2		0;108;30018	7	300;900;2700	4			15
22	3		0;108;30019	7	300;900;2700	4			15
22	4		0;108;30020	7	300;900;2700	4			15
23	1		0;109;30017	7	300;900;2700	4			15
23	2		0;109;30018	7	300;900;2700	4			15
23	3		0;109;30019	7	300;900;2700	4			15
23	4		0;109;30020	7	300;900;2700	4			15
24	1		0;110;30017	7	300;900;2700	4			15
24	2		0;110;30018	7	300;900;2700	4			15
24	3		0;110;30019	7	300;900;2700	4			15
24	4		0;110;30020	7	300;900;2700	4			15
25	1	Thi¬n Ngh▄a Trang	0;108;30021	7	300;900;2700	4			15
25	2		0;108;30022	7	300;900;2700	4			15
25	3		0;108;30023	7	300;900;2700	4			15
25	4		0;108;30024	7	300;900;2700	4			15
26	1		0;109;30021	7	300;900;2700	4			15
26	2		0;109;30022	7	300;900;2700	4			15
26	3		0;109;30023	7	300;900;2700	4			15
26	4		0;109;30024	7	300;900;2700	4			15
27	1		0;110;30021	7	300;900;2700	4			15
27	2		0;110;30022	7	300;900;2700	4			15
27	3		0;110;30023	7	300;900;2700	4			15
27	4		0;110;30024	7	300;900;2700	4			15
28	1	C÷u Chęu Trang	0;108;30025	7	300;900;2700	4			15
28	2		0;108;30026	7	300;900;2700	4			15
28	3		0;108;30027	7	300;900;2700	4			15
28	4		0;108;30028	7	300;900;2700	4			15
29	1		0;109;30025	7	300;900;2700	4			15
29	2		0;109;30026	7	300;900;2700	4			15
29	3		0;109;30027	7	300;900;2700	4			15
29	4		0;109;30028	7	300;900;2700	4			15
30	1		0;110;30025	7	300;900;2700	4			15
30	2		0;110;30026	7	300;900;2700	4			15
30	3		0;110;30027	7	300;900;2700	4			15
30	4		0;110;30028	7	300;900;2700	4			15
31	1	Th╩t TŮch Trang	0;108;30029	7	300;900;2700	4			15
31	2		0;108;30030	7	300;900;2700	4			15
31	3		0;108;30031	7	300;900;2700	4			15
31	4		0;108;30032	7	300;900;2700	4			15
32	1		0;109;30029	7	300;900;2700	4			15
32	2		0;109;30030	7	300;900;2700	4			15
32	3		0;109;30031	7	300;900;2700	4			15
32	4		0;109;30032	7	300;900;2700	4			15
33	1		0;110;30029	7	300;900;2700	4			15
33	2		0;110;30030	7	300;900;2700	4			15
33	3		0;110;30031	7	300;900;2700	4			15
33	4		0;110;30032	7	300;900;2700	4			15
34	1	Hňng Sęm trang	0;108;630	7	300;900;2700	4			15
34	2		0;108;631	7	300;900;2700	4			15
34	3		0;108;632	7	300;900;2700	4			15
34	4		0;108;633	7	300;900;2700	4			15
35	1		0;109;630	7	300;900;2700	4			15
35	2		0;109;631	7	300;900;2700	4			15
35	3		0;109;632	7	300;900;2700	4			15
35	4		0;109;633	7	300;900;2700	4			15
36	1		0;110;630	7	300;900;2700	4			15
36	2		0;110;631	7	300;900;2700	4			15
36	3		0;110;632	7	300;900;2700	4			15
36	4		0;110;633	7	300;900;2700	4			15
37	1	Chě Tˇy Kim M¬ trang 	0;108;618	7	300;900;2700	4			15
37	2		0;108;619	7	300;900;2700	4			15
37	3		0;108;620	7	300;900;2700	4			15
37	4		0;108;621	7	300;900;2700	4			15
38	1		0;109;618	7	300;900;2700	4			15
38	2		0;109;619	7	300;900;2700	4			15
38	3		0;109;620	7	300;900;2700	4			15
38	4		0;109;621	7	300;900;2700	4			15
39	1		0;110;618	7	300;900;2700	4			15
39	2		0;110;619	7	300;900;2700	4			15
39	3		0;110;620	7	300;900;2700	4			15
39	4		0;110;621	7	300;900;2700	4			15
40	1	Thi¬n Ba Trang	0;108;676	7	300;900;2700	4			15
40	2		0;108;677	7	300;900;2700	4			15
40	3		0;108;678	7	300;900;2700	4			15
40	4		0;108;679	7	300;900;2700	4			15
41	1		0;109;676	7	300;900;2700	4			15
41	2		0;109;677	7	300;900;2700	4			15
41	3		0;109;678	7	300;900;2700	4			15
41	4		0;109;679	7	300;900;2700	4			15
42	1		0;110;676	7	300;900;2700	4			15
42	2		0;110;677	7	300;900;2700	4			15
42	3		0;110;678	7	300;900;2700	4			15
42	4		0;110;679	7	300;900;2700	4			15
43	1	Tęn Ni¬n Trang	0;108;30033	7	300;900;2700	4			15
43	2		0;108;30034	7	300;900;2700	4			15
43	3		0;108;30035	7	300;900;2700	4			15
43	4		0;108;30036	7	300;900;2700	4			15
44	1		0;109;30033	7	300;900;2700	4			15
44	2		0;109;30034	7	300;900;2700	4			15
44	3		0;109;30035	7	300;900;2700	4			15
44	4		0;109;30036	7	300;900;2700	4			15
45	1		0;110;30033	7	300;900;2700	4			15
45	2		0;110;30034	7	300;900;2700	4			15
45	3		0;110;30035	7	300;900;2700	4			15
45	4		0;110;30036	7	300;900;2700	4			15
46	1	ChuyËn Sinh Y	0;108;514	7	300;900;2700	4			15
47	1		0;109;514	7	300;900;2700	4			15
48	1		0;110;514	7	300;900;2700	4			15
46	2	ChuyËn Sinh Y	0;108;515	7	300;900;2700	4			15
47	2		0;109;515	7	300;900;2700	4			15
48	2		0;110;515	7	300;900;2700	4			15
46	3	ChuyËn Sinh Y	0;108;516	7	300;900;2700	4			15
47	3		0;109;516	7	300;900;2700	4			15
48	3		0;110;516	7	300;900;2700	4			15
46	4	ChuyËn Sinh Y	0;108;517	7	300;900;2700	4			15
47	4		0;109;517	7	300;900;2700	4			15
48	4		0;110;517	7	300;900;2700	4			15
49	3	Linh Lung Trang («ß)	0;108;207	7	200;600;1800	4			10
49	4		0;108;213	7	200;600;1800	4			10
50	3		0;109;281	7	200;600;1800	4			10
50	4		0;109;287	7	200;600;1800	4			10
51	3		0;110;281	7	200;600;1800	4			10
51	4		0;110;287	7	200;600;1800	4			10
52	3	Linh Lung Trang (vÁng)	0;108;208	7	200;600;1800	4			10
52	4		0;108;214	7	200;600;1800	4			10
53	3		0;109;282	7	200;600;1800	4			10
53	4		0;109;288	7	200;600;1800	4			10
54	3		0;110;282	7	200;600;1800	4			10
54	4		0;110;288	7	200;600;1800	4			10
55	3	Linh Lung Trang (hňng)	0;108;209	7	200;600;1800	4			10
55	4		0;108;215	7	200;600;1800	4			10
56	3		0;109;283	7	200;600;1800	4			10
56	4		0;109;289	7	200;600;1800	4			10
57	3		0;110;283	7	200;600;1800	4			10
57	4		0;110;289	7	200;600;1800	4			10
58	3	Linh Lung Trang (tŢm)	0;108;210	7	200;600;1800	4			10
58	4		0;108;216	7	200;600;1800	4			10
59	3		0;109;284	7	200;600;1800	4			10
59	4		0;109;290	7	200;600;1800	4			10
60	3		0;110;284	7	200;600;1800	4			10
60	4		0;110;290	7	200;600;1800	4			10
61	3	Linh Lung Trang (lam)	0;108;211	7	200;600;1800	4			10
61	4		0;108;217	7	200;600;1800	4			10
62	3		0;109;285	7	200;600;1800	4			10
62	4		0;109;291	7	200;600;1800	4			10
63	3		0;110;285	7	200;600;1800	4			10
63	4		0;110;291	7	200;600;1800	4			10
64	3	Linh Lung Trang (l˘c)	0;108;212	7	200;600;1800	4			10
64	4		0;108;218	7	200;600;1800	4			10
65	3		0;109;286	7	200;600;1800	4			10
65	4		0;109;292	7	200;600;1800	4			10
66	3		0;110;286	7	200;600;1800	4			10
66	4		0;110;292	7	200;600;1800	4			10
67	1	TuŇ Th˝ bÁo	0;108;139	7	200;600;1800	4			10
68	1		0;109;185	7	200;600;1800	4			10
69	1		0;110;81	7	200;600;1800	4			10
67	2	ChŢnh SŃc giŞp	0;108;140	7	200;600;1800	4			10
68	2		0;109;186	7	200;600;1800	4			10
69	2		0;110;82	7	200;600;1800	4			10
67	3	Tęn ChŢnh ž╣i	0;108;141	7	200;600;1800	4			10
68	3		0;109;187	7	200;600;1800	4			10
69	3		0;110;83	7	200;600;1800	4			10
67	4	Nguy¬n ChŢnh thşŕng	0;108;142	7	200;600;1800	4			10
68	4		0;109;188	7	200;600;1800	4			10
69	4		0;110;84	7	200;600;1800	4			10
70	1	Thu Thi bÁo	0;108;195	7	200;600;1800	4			10
71	1		0;109;255	7	200;600;1800	4			10
72	1		0;110;85	7	200;600;1800	4			10
70	2	žźng HÁn giŞp	0;108;196	7	200;600;1800	4			10
71	2		0;109;256	7	200;600;1800	4			10
72	2		0;110;86	7	200;600;1800	4			10
70	3	H╣ Vinh trang	0;108;197	7	200;600;1800	4			10
71	3		0;109;257	7	200;600;1800	4			10
72	3		0;110;87	7	200;600;1800	4			10
70	4	Xuęn NoĚn thşŕng	0;108;198	7	200;600;1800	4			10
71	4		0;109;258	7	200;600;1800	4			10
72	4		0;110;88	7	200;600;1800	4			10
73	1	BÁo žşŕng BÂo Y	0;108;510	7	200;600;1800	4			10
74	1		0;109;510	7	200;600;1800	4			10
75	1		0;110;510	7	200;600;1800	4			10
73	2	BÂo Ti¬u ChiŇn Y	0;108;511	7	200;600;1800	4			10
74	2		0;109;511	7	200;600;1800	4			10
75	2		0;110;511	7	200;600;1800	4			10
73	3	V˛ žiÍp Tˇ Trang	0;108;513	7	200;600;1800	4			10
74	3		0;109;513	7	200;600;1800	4			10
75	3		0;110;513	7	200;600;1800	4			10
73	4	HÁm Y¬n Tˇ Trang	0;108;512	7	200;600;1800	4			10
74	4		0;109;512	7	200;600;1800	4			10
75	4		0;110;512	7	200;600;1800	4			10
76	1	TŔ Ngęn BÁo	0;108;526	7	200;600;1800	4			10
77	1		0;109;526	7	200;600;1800	4			10
78	1		0;110;526	7	200;600;1800	4			10
76	2	XŢch LuyÍn GiŞp Y	0;108;527	7	200;600;1800	4			10
77	2		0;109;527	7	200;600;1800	4			10
78	2		0;110;527	7	200;600;1800	4			10
76	3	Ngńc Thoa V˛ Y	0;108;528	7	200;600;1800	4			10
77	3		0;109;528	7	200;600;1800	4			10
78	3		0;110;528	7	200;600;1800	4			10
76	4	ž╣i Y¬n Ngh¬ Thşŕng	0;108;529	7	200;600;1800	4			10
77	4		0;109;529	7	200;600;1800	4			10
78	4		0;110;529	7	200;600;1800	4			10
79	1	GiŞng T÷ BÁo	0;108;522	7	200;600;1800	4			10
80	1		0;109;522	7	200;600;1800	4			10
81	1		0;110;522	7	200;600;1800	4			10
79	2	Lşu Kim GiŞp Y	0;108;523	7	200;600;1800	4			10
80	2		0;109;523	7	200;600;1800	4			10
81	2		0;110;523	7	200;600;1800	4			10
79	3	Song ž╣i V˛ Thşŕng.	0;108;524	7	200;600;1800	4			10
80	3		0;109;524	7	200;600;1800	4			10
81	3		0;110;524	7	200;600;1800	4			10
79	4	Ph˘ng V˛ Ngh¬ Sa	0;108;525	7	200;600;1800	4			10
80	4		0;109;525	7	200;600;1800	4			10
81	4		0;110;525	7	200;600;1800	4			10
82	1	Th╩t Thăn Y	0;108;518	7	200;600;1800	4			10
83	1		0;109;518	7	200;600;1800	4			10
84	1		0;110;518	7	200;600;1800	4			10
82	2	Long Lęn Ą Kim GiŞp	0;108;519	7	200;600;1800	4			10
83	2		0;109;519	7	200;600;1800	4			10
84	2		0;110;519	7	200;600;1800	4			10
82	3	L˘c Oanh V˛ Y	0;108;520	7	200;600;1800	4			10
83	3		0;109;520	7	200;600;1800	4			10
84	3		0;110;520	7	200;600;1800	4			10
82	4	Doanh V˛ Thşŕng	0;108;521	7	200;600;1800	4			10
83	4		0;109;521	7	200;600;1800	4			10
84	4		0;110;521	7	200;600;1800	4			10
85	1	KiŇm TuyÍt y	0;108;135	7	200;600;1800	4			10
86	1		0;109;181	7	200;600;1800	4			10
87	1		0;110;77	7	200;600;1800	4			10
85	2	HiÍp KhiŇu giŞp	0;108;136	7	200;600;1800	4			10
86	2		0;109;182	7	200;600;1800	4			10
87	2		0;110;78	7	200;600;1800	4			10
85	3	TÎnh Hinh Thşŕng	0;108;137	7	200;600;1800	4			10
86	3		0;109;183	7	200;600;1800	4			10
87	3		0;110;79	7	200;600;1800	4			10
85	4	Duy¬n Doanh Thşŕng	0;108;138	7	200;600;1800	4			10
86	4		0;109;184	7	200;600;1800	4			10
87	4		0;110;80	7	200;600;1800	4			10
88	1	SČn Quű huyŇt y	0;108;17	7	200;600;1800	4			10
89	1		0;109;17	7	200;600;1800	4			10
90	1		0;110;17	7	200;600;1800	4			10
88	2	Long BŞ Ą kim y	0;108;36	7	200;600;1800	4			10
89	2		0;109;36	7	200;600;1800	4			10
90	2		0;110;36	7	200;600;1800	4			10
88	3	Phi Thi¬n ThŞi Thşŕng	0;108;54	7	200;600;1800	4			10
89	3		0;109;54	7	200;600;1800	4			10
90	3		0;110;54	7	200;600;1800	4			10
88	4	Ng˛ Sżc Ngh¬ Thşŕng	0;108;72	7	200;600;1800	4			10
89	4		0;109;72	7	200;600;1800	4			10
90	4		0;110;72	7	200;600;1800	4			10
91	1	BĘng TÁm Tr´ sam	0;108;16	7	200;600;1800	4			10
92	1		0;109;16	7	200;600;1800	4			10
93	1		0;110;16	7	200;600;1800	4			10
91	2	HuyŇt HÁ Quű VşČng giŞp	0;108;35	7	200;600;1800	4			10
92	2		0;109;35	7	200;600;1800	4			10
93	2		0;110;35	7	200;600;1800	4			10
91	3	Thi¬n y	0;108;53	7	200;600;1800	4			10
92	3		0;109;53	7	200;600;1800	4			10
93	3		0;110;53	7	200;600;1800	4			10
91	4	Vź Song ž╩u y	0;108;71	7	200;600;1800	4			10
92	4		0;109;71	7	200;600;1800	4			10
93	4		0;110;71	7	200;600;1800	4			10
94	1	Thi¬n Lang y	0;108;15	7	200;600;1800	4			10
95	1		0;109;15	7	200;600;1800	4			10
96	1		0;110;15	7	200;600;1800	4			10
94	2	Tinh Cang HuyĎn Kim giŞp	0;108;33	7	200;600;1800	4			10
95	2		0;109;33	7	200;600;1800	4			10
96	2		0;110;33	7	200;600;1800	4			10
94	3	Ngh¬ Thşŕng V˛ y	0;108;52	7	200;600;1800	4			10
95	3		0;109;52	7	200;600;1800	4			10
96	3		0;110;52	7	200;600;1800	4			10
94	4	C╚m Vęn Thşŕng	0;108;70	7	200;600;1800	4			10
95	4		0;109;70	7	200;600;1800	4			10
96	4		0;110;70	7	200;600;1800	4			10
97	1	XŢch Long bÁo	0;108;14	7	200;600;1800	4			10
98	1		0;109;14	7	200;600;1800	4			10
99	1		0;110;14	7	200;600;1800	4			10
97	2	Lźi Ngęn GiŞp	0;108;32	7	200;600;1800	4			10
98	2		0;109;32	7	200;600;1800	4			10
99	2		0;110;32	7	200;600;1800	4			10
97	3	Minh Quang giŞp	0;108;51	7	200;600;1800	4			10
98	3		0;109;51	7	200;600;1800	4			10
99	3		0;110;51	7	200;600;1800	4			10
97	4	NghŮch Vęn ž╩u y	0;108;69	7	200;600;1800	4			10
98	4		0;109;69	7	200;600;1800	4			10
99	4		0;110;69	7	200;600;1800	4			10
100	1	Lam KÎnh bÎ giŞp	0;108;13	7	200;600;1800	4			10
101	1		0;109;13	7	200;600;1800	4			10
102	1		0;110;13	7	200;600;1800	4			10
100	2	Thăn SŞch Kim giŞp	0;108;31	7	200;600;1800	4			10
101	2		0;109;31	7	200;600;1800	4			10
102	2		0;110;31	7	200;600;1800	4			10
100	3	Lęn Quang giŞp	0;108;49	7	200;600;1800	4			10
101	3		0;109;49	7	200;600;1800	4			10
102	3		0;110;49	7	200;600;1800	4			10
100	4	ThŞi Hoa Thşŕng	0;108;68	7	200;600;1800	4			10
101	4		0;109;68	7	200;600;1800	4			10
102	4		0;110;68	7	200;600;1800	4			10
103	1	ThşČng  Lan y	0;108;12	7	200;600;1800	4			10
104	1		0;109;12	7	200;600;1800	4			10
105	1		0;110;12	7	200;600;1800	4			10
103	2	Thi¬n Nh╔n y	0;108;30	7	200;600;1800	4			10
104	2		0;109;30	7	200;600;1800	4			10
105	2		0;110;30	7	200;600;1800	4			10
103	3	Hňng Ngh¬ Thşŕng	0;108;48	7	200;600;1800	4			10
104	3		0;109;48	7	200;600;1800	4			10
105	3		0;110;48	7	200;600;1800	4			10
103	4	Linh Lung Thşŕng	0;108;66	7	200;600;1800	4			10
104	4		0;109;66	7	200;600;1800	4			10
105	4		0;110;66	7	200;600;1800	4			10
106	1	GiŞng Sinh Trang	0;108;109	7	200;600;1800	4			10
106	2		0;108;110	7	200;600;1800	4			10
106	3		0;108;112	7	200;600;1800	4			10
106	4		0;108;111	7	200;600;1800	4			10
107	1		0;109;109	7	200;600;1800	4			10
107	2		0;109;110	7	200;600;1800	4			10
107	3		0;109;112	7	200;600;1800	4			10
107	4		0;109;111	7	200;600;1800	4			10
108	1		0;110;73	7	200;600;1800	4			10
108	2		0;110;74	7	200;600;1800	4			10
108	3		0;110;76	7	200;600;1800	4			10
108	4		0;110;75	7	200;600;1800	4			10
109	1	Nhuyďn Kim y	0;108;11	7	200;600;1800	4			10
110	1		0;109;11	7	200;600;1800	4			10
111	1		0;110;11	7	200;600;1800	4			10
109	2	Di Nhi¬m KhŞch y	0;108;29	7	200;600;1800	4			10
110	2		0;109;29	7	200;600;1800	4			10
111	2		0;110;29	7	200;600;1800	4			10
109	3	N¸ KiÍt Thşŕng	0;108;46	7	200;600;1800	4			10
110	3		0;109;46	7	200;600;1800	4			10
111	3		0;110;46	7	200;600;1800	4			10
109	4	Thi¬n Cźng ž╩u y	0;108;65	7	200;600;1800	4			10
110	4		0;109;65	7	200;600;1800	4			10
111	4		0;110;65	7	200;600;1800	4			10
112	1	XŢch žňng tr˘	0;108;10	7	200;600;1800	4			10
113	1		0;109;10	7	200;600;1800	4			10
114	1		0;110;10	7	200;600;1800	4			10
112	2	T÷ Thanh SşČng Hoa sam	0;108;28	7	200;600;1800	4			10
113	2		0;109;28	7	200;600;1800	4			10
114	2		0;110;28	7	200;600;1800	4			10
112	3	C╚m Anh Thşŕng	0;108;45	7	200;600;1800	4			10
113	3		0;109;45	7	200;600;1800	4			10
114	3		0;110;45	7	200;600;1800	4			10
112	4	ű La Thşŕng	0;108;64	7	200;600;1800	4			10
113	4		0;109;64	7	200;600;1800	4			10
114	4		0;110;64	7	200;600;1800	4			10
115	1	Thanh SşČng bÁo	0;108;8	7	200;600;1800	4			10
116	1		0;109;8	7	200;600;1800	4			10
117	1		0;110;8	7	200;600;1800	4			10
115	2	HoÁng HŠ y	0;108;26	7	200;600;1800	4			10
116	2		0;109;26	7	200;600;1800	4			10
117	2		0;110;26	7	200;600;1800	4			10
115	3	HoŞn Hoa Thşŕng	0;108;44	7	200;600;1800	4			10
116	3		0;109;44	7	200;600;1800	4			10
117	3		0;110;44	7	200;600;1800	4			10
115	4	Thi¬n TÁm giŞp y	0;108;63	7	200;600;1800	4			10
116	4		0;109;63	7	200;600;1800	4			10
117	4		0;110;63	7	200;600;1800	4			10
118	1	Thăn HÁnh ph˘c	0;108;7	7	200;600;1800	4			10
119	1		0;109;7	7	200;600;1800	4			10
120	1		0;110;7	7	200;600;1800	4			10
118	2	L˘c Lęm trang	0;108;25	7	200;600;1800	4			10
119	2		0;109;25	7	200;600;1800	4			10
120	2		0;110;25	7	200;600;1800	4			10
118	3	LuyÍn GiŞp Thşŕng	0;108;43	7	200;600;1800	4			10
119	3		0;109;43	7	200;600;1800	4			10
120	3		0;110;43	7	200;600;1800	4			10
118	4	M╦t Vęn Sam	0;108;61	7	200;600;1800	4			10
119	4		0;109;61	7	200;600;1800	4			10
120	4		0;110;61	7	200;600;1800	4			10
121	1	YËm Tęm giŞp	0;108;6	7	200;600;1800	4			10
122	1		0;109;6	7	200;600;1800	4			10
123	1		0;110;6	7	200;600;1800	4			10
121	2	Kim Ngńc Tr´ sam	0;108;24	7	200;600;1800	4			10
122	2		0;109;24	7	200;600;1800	4			10
123	2		0;110;24	7	200;600;1800	4			10
121	3	V˛ LuyÍn Thşŕng	0;108;41	7	200;600;1800	4			10
122	3		0;109;41	7	200;600;1800	4			10
123	3		0;110;41	7	200;600;1800	4			10
121	4	Phong V˛ Thşŕng	0;108;60	7	200;600;1800	4			10
122	4		0;109;60	7	200;600;1800	4			10
123	4		0;110;60	7	200;600;1800	4			10
124	1	T÷ Cęm BŔ Y	0;108;3	7	200;600;1800	4			10
125	1		0;109;3	7	200;600;1800	4			10
126	1		0;110;3	7	200;600;1800	4			10
124	2	HÁo HiÍp y	0;108;23	7	200;600;1800	4			10
125	2		0;109;23	7	200;600;1800	4			10
126	2		0;110;23	7	200;600;1800	4			10
124	3	Tęm ╩n Thşŕng	0;108;40	7	200;600;1800	4			10
125	3		0;109;40	7	200;600;1800	4			10
126	3		0;110;40	7	200;600;1800	4			10
124	4	Cęn Qużc sam	0;108;59	7	200;600;1800	4			10
125	4		0;109;59	7	200;600;1800	4			10
126	4		0;110;59	7	200;600;1800	4			10
127	1	BÚ ThiŇu HiÍp [«Ăc giŞ]	0;108;1	7	100;300;900	4			5
128	1		0;109;1	7	100;300;900	4			5
129	1		0;110;1	7	100;300;900	4			5
127	2	BÚ ThiŇu HiÍp [«Ăc giŞ]	0;108;19	7	100;300;900	4			5
128	2		0;109;19	7	100;300;900	4			5
129	2		0;110;19	7	100;300;900	4			5
127	3	BÚ ThŞi Thşŕng [«Ăc giŞ]	0;108;37	7	100;300;900	4			5
128	3		0;109;37	7	100;300;900	4			5
129	3		0;110;37	7	100;300;900	4			5
127	4	BÚ V˛ Thşŕng [«Ăc giŞ]	0;108;55	7	100;300;900	4			5
128	4		0;109;55	7	100;300;900	4			5
129	4		0;110;55	7	100;300;900	4			5
130	1	BÚ Hżc T╣o [«Ăc giŞ]	0;108;2	7	100;300;900	4			5
131	1		0;109;2	7	100;300;900	4			5
132	1		0;110;2	7	100;300;900	4			5
130	2	BÚ ThiŇt HÚ [«Ăc giŞ]	0;108;20	7	100;300;900	4			5
131	2		0;109;20	7	100;300;900	4			5
132	2		0;110;20	7	100;300;900	4			5
130	3	BÚ T÷ LĘng [«Ăc giŞ]	0;108;38	7	100;300;900	4			5
131	3		0;109;38	7	100;300;900	4			5
132	3		0;110;38	7	100;300;900	4			5
130	4	BÚ Hňng Vęn [«Ăc giŞ]	0;108;56	7	100;300;900	4			5
131	4		0;109;56	7	100;300;900	4			5
132	4		0;110;56	7	100;300;900	4			5
133	1	BÚ BÁn Long [«Ăc giŞ]	0;108;4	7	100;300;900	4			5
134	1		0;109;4	7	100;300;900	4			5
135	1		0;110;4	7	100;300;900	4			5
133	2	BÚ Thˇ VşČng [«Ăc giŞ]	0;108;21	7	100;300;900	4			5
134	2		0;109;21	7	100;300;900	4			5
135	2		0;110;21	7	100;300;900	4			5
133	3	BÚ T÷ Nhung [«Ăc giŞ]	0;108;39	7	100;300;900	4			5
134	3		0;109;39	7	100;300;900	4			5
135	3		0;110;39	7	100;300;900	4			5
133	4	BÚ T÷ KŢnh [«Ăc giŞ]	0;108;57	7	100;300;900	4			5
134	4		0;109;57	7	100;300;900	4			5
135	4		0;110;57	7	100;300;900	4			5
136	1	BÚ ThşČng Lang [«Ăc giŞ]	0;108;5	7	100;300;900	4			5
137	1		0;109;5	7	100;300;900	4			5
138	1		0;110;5	7	100;300;900	4			5
136	2	BÚ C╚m Ti [«Ăc giŞ]	0;108;22	7	100;300;900	4			5
137	2		0;109;22	7	100;300;900	4			5
138	2		0;110;22	7	100;300;900	4			5
136	3	BÚ Thi¬n Ma [«Ăc giŞ]	0;108;42	7	100;300;900	4			5
137	3		0;109;42	7	100;300;900	4			5
138	3		0;110;42	7	100;300;900	4			5
136	4	BÚ Linh V╦n [«Ăc giŞ]	0;108;58	7	100;300;900	4			5
137	4		0;109;58	7	100;300;900	4			5
138	4		0;110;58	7	100;300;900	4			5
139	1	BÚ Tham Lang [«Ăc giŞ]	0;108;9	7	100;300;900	4			5
140	1		0;109;9	7	100;300;900	4			5
141	1		0;110;9	7	100;300;900	4			5
139	2	BÚ Thăn Ngşu [«Ăc giŞ]	0;108;27	7	100;300;900	4			5
140	2		0;109;27	7	100;300;900	4			5
141	2		0;110;27	7	100;300;900	4			5
139	3	BÚ Thanh Linh [«Ăc giŞ]	0;108;47	7	100;300;900	4			5
140	3		0;109;47	7	100;300;900	4			5
141	3		0;110;47	7	100;300;900	4			5
139	4	BÚ VÔ ž╩u [«Ăc giŞ]	0;108;62	7	100;300;900	4			5
140	4		0;109;62	7	100;300;900	4			5
141	4		0;110;62	7	100;300;900	4			5
142	1	BÚ Thi¬n GiŞng [«Ăc giŞ]	0;108;18	7	100;300;900	4			5
143	1		0;109;18	7	100;300;900	4			5
144	1		0;110;18	7	100;300;900	4			5
142	2	BÚ Hßa Th´ [«Ăc giŞ]	0;108;34	7	100;300;900	4			5
143	2		0;109;34	7	100;300;900	4			5
144	2		0;110;34	7	100;300;900	4			5
142	3	BÚ Hň CČ [«Ăc giŞ]	0;108;50	7	100;300;900	4			5
143	3		0;109;50	7	100;300;900	4			5
144	3		0;110;50	7	100;300;900	4			5
142	4	BÚ Thˇ ž╩u [«Ăc giŞ]	0;108;67	7	100;300;900	4			5
143	4		0;109;67	7	100;300;900	4			5
144	4		0;110;67	7	100;300;900	4			5
145	1	óm Hňn Lşu Kim	0;108;680	7	300;900;2700	4			50
145	2		0;108;681	7	300;900;2700	4			50
145	3		0;108;682	7	300;900;2700	4			50
145	4		0;108;683	7	300;900;2700	4			50
146	1		0;109;680	7	300;900;2700	4			50
146	2		0;109;681	7	300;900;2700	4			50
146	3		0;109;682	7	300;900;2700	4			50
146	4		0;109;683	7	300;900;2700	4			50
147	1		0;110;680	7	300;900;2700	4			50
147	2		0;110;681	7	300;900;2700	4			50
147	3		0;110;682	7	300;900;2700	4			50
147	4		0;110;683	7	300;900;2700	4			50
148	1	TşČng KiŇn Huan	0;108;725	7	300;900;2700	4			50
148	2		0;108;726	7	300;900;2700	4			50
148	3		0;108;727	7	300;900;2700	4			50
148	4		0;108;728	7	300;900;2700	4			50
149	1		0;109;725	7	300;900;2700	4			50
149	2		0;109;726	7	300;900;2700	4			50
149	3		0;109;727	7	300;900;2700	4			50
149	4		0;109;728	7	300;900;2700	4			50
150	1		0;110;725	7	300;900;2700	4			50
150	2		0;110;726	7	300;900;2700	4			50
150	3		0;110;727	7	300;900;2700	4			50
150	4		0;110;728	7	300;900;2700	4			50
151	1	ThiŇu Ni¬n Du	0;108;721	7	300;900;2700	4			50
151	2		0;108;722	7	300;900;2700	4			50
151	3		0;108;723	7	300;900;2700	4			50
151	4		0;108;724	7	300;900;2700	4			50
152	1		0;109;721	7	300;900;2700	4			50
152	2		0;109;722	7	300;900;2700	4			50
152	3		0;109;723	7	300;900;2700	4			50
152	4		0;109;724	7	300;900;2700	4			50
153	1		0;110;721	7	300;900;2700	4			50
153	2		0;110;722	7	300;900;2700	4			50
153	3		0;110;723	7	300;900;2700	4			50
153	4		0;110;724	7	300;900;2700	4			50
154	1	Phăn Hßa óm SşČng(«Š)[thŇ l¨c]	0;108;701	7	300;900;2700	4			50
154	2		0;108;702	7	300;900;2700	4			50
154	3		0;108;703	7	300;900;2700	4			50
154	4		0;108;704	7	300;900;2700	4			50
155	1		0;109;701	7	300;900;2700	4			50
155	2		0;109;702	7	300;900;2700	4			50
155	3		0;109;703	7	300;900;2700	4			50
155	4		0;109;704	7	300;900;2700	4			50
156	1		0;110;701	7	300;900;2700	4			50
156	2		0;110;702	7	300;900;2700	4			50
156	3		0;110;703	7	300;900;2700	4			50
156	4		0;110;704	7	300;900;2700	4			50
157	1	Phăn Hßa óm SşČng(vÁng)[thŇ l¨c]	0;108;705	7	300;900;2700	4			50
157	2		0;108;706	7	300;900;2700	4			50
157	3		0;108;707	7	300;900;2700	4			50
157	4		0;108;708	7	300;900;2700	4			50
158	1		0;109;705	7	300;900;2700	4			50
158	2		0;109;706	7	300;900;2700	4			50
158	3		0;109;707	7	300;900;2700	4			50
158	4		0;109;708	7	300;900;2700	4			50
159	1		0;110;705	7	300;900;2700	4			50
159	2		0;110;706	7	300;900;2700	4			50
159	3		0;110;707	7	300;900;2700	4			50
159	4		0;110;708	7	300;900;2700	4			50
160	1	Phăn Hßa óm SşČng(«en)[thŇ l¨c]	0;108;709	7	300;900;2700	4			50
160	2		0;108;710	7	300;900;2700	4			50
160	3		0;108;711	7	300;900;2700	4			50
160	4		0;108;712	7	300;900;2700	4			50
161	1		0;109;709	7	300;900;2700	4			50
161	2		0;109;710	7	300;900;2700	4			50
161	3		0;109;711	7	300;900;2700	4			50
161	4		0;109;712	7	300;900;2700	4			50
162	1		0;110;709	7	300;900;2700	4			50
162	2		0;110;710	7	300;900;2700	4			50
162	3		0;110;711	7	300;900;2700	4			50
162	4		0;110;712	7	300;900;2700	4			50
163	1	Song žŞn Trang	0;108;901	7	1500;4500;13500	4			50
163	2		0;108;902	7	1500;4500;13500	4			50
163	3		0;108;903	7	1500;4500;13500	4			50
163	4		0;108;904	7	1500;4500;13500	4			50
164	1		0;109;901	7	1500;4500;13500	4			50
164	2		0;109;902	7	1500;4500;13500	4			50
164	3		0;109;903	7	1500;4500;13500	4			50
164	4		0;109;904	7	1500;4500;13500	4			50
165	1		0;110;901	7	1500;4500;13500	4			50
165	2		0;110;902	7	1500;4500;13500	4			50
165	3		0;110;903	7	1500;4500;13500	4			50
165	4		0;110;904	7	1500;4500;13500	4			50
166	1	KhŠng TşÝc Minh VşČng Trang	0;108;929	7	1500;4500;13500	10			50
166	2		0;108;930	7	1500;4500;13500	10			50
166	3		0;108;931	7	1500;4500;13500	10			50
166	4		0;108;932	7	1500;4500;13500	10			50
167	1		0;109;929	7	1500;4500;13500	10			50
167	2		0;109;930	7	1500;4500;13500	10			50
167	3		0;109;931	7	1500;4500;13500	10			50
167	4		0;109;932	7	1500;4500;13500	10			50
168	1		0;110;929	7	1500;4500;13500	10			50
168	2		0;110;930	7	1500;4500;13500	10			50
168	3		0;110;931	7	1500;4500;13500	10			50
168	4		0;110;932	7	1500;4500;13500	10			50
169	1	M˛ HoŞn H´ng	0;108;622	7	1500;4500;13500	10			50
169	2		0;108;623	7	1500;4500;13500	10			50
169	3		0;108;624	7	1500;4500;13500	10			50
169	4		0;108;625	7	1500;4500;13500	10			50
170	1	T÷ D╣ Trang	0;108;825	7	1500;4500;13500	10			50
170	2		0;108;826	7	1500;4500;13500	10			50
170	3		0;108;827	7	1500;4500;13500	10			50
170	4		0;108;828	7	1500;4500;13500	10			50
171	1		0;109;825	7	1500;4500;13500	10			50
171	2		0;109;826	7	1500;4500;13500	10			50
171	3		0;109;827	7	1500;4500;13500	10			50
171	4		0;109;828	7	1500;4500;13500	10			50
172	1		0;110;825	7	1500;4500;13500	10			50
172	2		0;110;826	7	1500;4500;13500	10			50
172	3		0;110;827	7	1500;4500;13500	10			50
172	4		0;110;828	7	1500;4500;13500	10			50
173	1	Cung ThşČng GiŞc V˛	0;108;937	7	1500;4500;13500	10			50
173	2		0;108;938	7	1500;4500;13500	10			50
173	3		0;108;939	7	1500;4500;13500	10			50
173	4		0;108;940	7	1500;4500;13500	10			50
174	1		0;109;937	7	1500;4500;13500	10			50
174	2		0;109;938	7	1500;4500;13500	10			50
174	3		0;109;939	7	1500;4500;13500	10			50
174	4		0;109;940	7	1500;4500;13500	10			50
175	1		0;110;937	7	1500;4500;13500	10			50
175	2		0;110;938	7	1500;4500;13500	10			50
175	3		0;110;939	7	1500;4500;13500	10			50
175	4		0;110;940	7	1500;4500;13500	10			50
176	1	Thi¬n V˛ CÁ Sa	0;108;713	7	1500;4500;13500	10			50
176	2		0;108;714	7	1500;4500;13500	10			50
176	3		0;108;715	7	1500;4500;13500	10			50
176	4		0;108;716	7	1500;4500;13500	10			50
177	1		0;109;713	7	1500;4500;13500	10			50
177	2		0;109;714	7	1500;4500;13500	10			50
177	3		0;109;715	7	1500;4500;13500	10			50
177	4		0;109;716	7	1500;4500;13500	10			50
178	1		0;110;713	7	1500;4500;13500	10			50
178	2		0;110;714	7	1500;4500;13500	10			50
178	3		0;110;715	7	1500;4500;13500	10			50
178	4		0;110;716	7	1500;4500;13500	10			50
179	1	DiÍp Thşţng Thu Phong Trang	0;108;953	7	1500;4500;13500	10			50
179	2		0;108;954	7	1500;4500;13500	10			50
179	3		0;108;955	7	1500;4500;13500	10			50
179	4		0;108;956	7	1500;4500;13500	10			50
180	1		0;109;953	7	1500;4500;13500	10			50
180	2		0;109;954	7	1500;4500;13500	10			50
180	3		0;109;955	7	1500;4500;13500	10			50
180	4		0;109;956	7	1500;4500;13500	10			50
181	1		0;110;953	7	1500;4500;13500	10			50
181	2		0;110;954	7	1500;4500;13500	10			50
181	3		0;110;955	7	1500;4500;13500	10			50
181	4		0;110;956	7	1500;4500;13500	10			50
182	1	TiĎn Long Trang	0;108;837	7	1500;4500;13500	10			50
182	2		0;108;838	7	1500;4500;13500	10			50
182	3		0;108;839	7	1500;4500;13500	10			50
182	4		0;108;840	7	1500;4500;13500	10			50
183	1		0;109;837	7	1500;4500;13500	10			50
183	2		0;109;838	7	1500;4500;13500	10			50
183	3		0;109;839	7	1500;4500;13500	10			50
183	4		0;109;840	7	1500;4500;13500	10			50
184	1		0;110;837	7	1500;4500;13500	10			50
184	2		0;110;838	7	1500;4500;13500	10			50
184	3		0;110;839	7	1500;4500;13500	10			50
184	4		0;110;840	7	1500;4500;13500	10			50
185	1	Chě Th˝y Trang	0;108;833	7	1500;4500;13500	10			50
185	2		0;108;834	7	1500;4500;13500	10			50
185	3		0;108;835	7	1500;4500;13500	10			50
185	4		0;108;836	7	1500;4500;13500	10			50
186	1		0;109;833	7	1500;4500;13500	10			50
186	2		0;109;834	7	1500;4500;13500	10			50
186	3		0;109;835	7	1500;4500;13500	10			50
186	4		0;109;836	7	1500;4500;13500	10			50
187	1		0;110;833	7	1500;4500;13500	10			50
187	2		0;110;834	7	1500;4500;13500	10			50
187	3		0;110;835	7	1500;4500;13500	10			50
187	4		0;110;836	7	1500;4500;13500	10			50
188	1	XŢch Vi¬n LÚng H╣c Trang	0;108;985	7	1500;4500;13500	10			50
188	2		0;108;986	7	1500;4500;13500	10			50
188	3		0;108;987	7	1500;4500;13500	10			50
188	4		0;108;988	7	1500;4500;13500	10			50
189	1		0;109;985	7	1500;4500;13500	10			50
189	2		0;109;986	7	1500;4500;13500	10			50
189	3		0;109;987	7	1500;4500;13500	10			50
189	4		0;109;988	7	1500;4500;13500	10			50
190	1		0;110;985	7	1500;4500;13500	10			50
190	2		0;110;986	7	1500;4500;13500	10			50
190	3		0;110;987	7	1500;4500;13500	10			50
190	4		0;110;988	7	1500;4500;13500	10			50
191	1	Trang	0;108;811	7	1500;4500;13500	10			50
191	2		0;108;812	7	1500;4500;13500	10			50
191	3		0;108;813	7	1500;4500;13500	10			50
191	4		0;108;814	7	1500;4500;13500	10			50
192	1		0;109;811	7	1500;4500;13500	10			50
192	2		0;109;812	7	1500;4500;13500	10			50
192	3		0;109;813	7	1500;4500;13500	10			50
192	4		0;109;814	7	1500;4500;13500	10			50
193	1		0;110;811	7	1500;4500;13500	10			50
193	2		0;110;812	7	1500;4500;13500	10			50
193	3		0;110;813	7	1500;4500;13500	10			50
193	4		0;110;814	7	1500;4500;13500	10			50
194	1	ChŢnh DşČng trang	0;108;668	7	1500;4500;13500	10			50
194	2		0;108;669	7	1500;4500;13500	10			50
194	3		0;108;670	7	1500;4500;13500	10			50
194	4		0;108;671	7	1500;4500;13500	10			50
195	1		0;109;668	7	1500;4500;13500	10			50
195	2		0;109;669	7	1500;4500;13500	10			50
195	3		0;109;670	7	1500;4500;13500	10			50
195	4		0;109;671	7	1500;4500;13500	10			50
196	1		0;110;668	7	1500;4500;13500	10			50
196	2		0;110;669	7	1500;4500;13500	10			50
196	3		0;110;670	7	1500;4500;13500	10			50
196	4		0;110;671	7	1500;4500;13500	10			50
197	1	Thăn XÁ trang	0;108;717	7	1500;4500;13500	10			50
197	2		0;108;718	7	1500;4500;13500	10			50
197	3		0;108;719	7	1500;4500;13500	10			50
197	4		0;108;720	7	1500;4500;13500	10			50
198	1		0;109;717	7	1500;4500;13500	10			50
198	2		0;109;718	7	1500;4500;13500	10			50
198	3		0;109;719	7	1500;4500;13500	10			50
198	4		0;109;720	7	1500;4500;13500	10			50
199	1		0;110;717	7	1500;4500;13500	10			50
199	2		0;110;718	7	1500;4500;13500	10			50
199	3		0;110;719	7	1500;4500;13500	10			50
199	4		0;110;720	7	1500;4500;13500	10			50
200	1	HÁo KhŢ trang	0;108;10009	7	1500;4500;13500	10			50
200	2		0;108;10010	7	1500;4500;13500	10			50
200	3		0;108;10011	7	1500;4500;13500	10			50
200	4		0;108;10012	7	1500;4500;13500	10			50
201	1		0;109;10009	7	1500;4500;13500	10			50
201	2		0;109;10010	7	1500;4500;13500	10			50
201	3		0;109;10011	7	1500;4500;13500	10			50
201	4		0;109;10012	7	1500;4500;13500	10			50
202	1		0;110;10009	7	1500;4500;13500	10			50
202	2		0;110;10010	7	1500;4500;13500	10			50
202	3		0;110;10011	7	1500;4500;13500	10			50
202	4		0;110;10012	7	1500;4500;13500	10			50
203	1	Linh KhŢ trang	0;108;10021	7	1500;4500;13500	10			50
203	2		0;108;10022	7	1500;4500;13500	10			50
203	3		0;108;10023	7	1500;4500;13500	10			50
203	4		0;108;10024	7	1500;4500;13500	10			50
204	1		0;109;10021	7	1500;4500;13500	10			50
204	2		0;109;10022	7	1500;4500;13500	10			50
204	3		0;109;10023	7	1500;4500;13500	10			50
204	4		0;109;10024	7	1500;4500;13500	10			50
205	1		0;110;10021	7	1500;4500;13500	10			50
205	2		0;110;10022	7	1500;4500;13500	10			50
205	3		0;110;10023	7	1500;4500;13500	10			50
205	4		0;110;10024	7	1500;4500;13500	10			50
206	1	Lźi HŠ trang	0;108;10001	7	1500;4500;13500	10			50
206	2		0;108;10002	7	1500;4500;13500	10			50
206	3		0;108;10003	7	1500;4500;13500	10			50
206	4		0;108;10004	7	1500;4500;13500	10			50
207	1		0;109;10001	7	1500;4500;13500	10			50
207	2		0;109;10002	7	1500;4500;13500	10			50
207	3		0;109;10003	7	1500;4500;13500	10			50
207	4		0;109;10004	7	1500;4500;13500	10			50
208	1		0;110;10001	7	1500;4500;13500	10			50
208	2		0;110;10002	7	1500;4500;13500	10			50
208	3		0;110;10003	7	1500;4500;13500	10			50
208	4		0;110;10004	7	1500;4500;13500	10			50
209	1	Lźi HŠ GiŞng Lęm trang	0;108;10005	7	1500;4500;13500	10			50
209	2		0;108;10006	7	1500;4500;13500	10			50
209	3		0;108;10007	7	1500;4500;13500	10			50
209	4		0;108;10008	7	1500;4500;13500	10			50
210	1		0;109;10005	7	1500;4500;13500	10			50
210	2		0;109;10006	7	1500;4500;13500	10			50
210	3		0;109;10007	7	1500;4500;13500	10			50
210	4		0;109;10008	7	1500;4500;13500	10			50
211	1		0;110;10005	7	1500;4500;13500	10			50
211	2		0;110;10006	7	1500;4500;13500	10			50
211	3		0;110;10007	7	1500;4500;13500	10			50
211	4		0;110;10008	7	1500;4500;13500	10			50
212	1	Hßa Ph˘ng trang	0;108;10013	7	1500;4500;13500	10			50
212	2		0;108;10014	7	1500;4500;13500	10			50
212	3		0;108;10015	7	1500;4500;13500	10			50
212	4		0;108;10016	7	1500;4500;13500	10			50
213	1		0;109;10013	7	1500;4500;13500	10			50
213	2		0;109;10014	7	1500;4500;13500	10			50
213	3		0;109;10015	7	1500;4500;13500	10			50
213	4		0;109;10016	7	1500;4500;13500	10			50
214	1		0;110;10013	7	1500;4500;13500	10			50
214	2		0;110;10014	7	1500;4500;13500	10			50
214	3		0;110;10015	7	1500;4500;13500	10			50
214	4		0;110;10016	7	1500;4500;13500	10			50
215	1	Hßa Ph˘ng GiŞng ThŇ trang	0;108;10017	7	1500;4500;13500	10			50
215	2		0;108;10018	7	1500;4500;13500	10			50
215	3		0;108;10019	7	1500;4500;13500	10			50
215	4		0;108;10020	7	1500;4500;13500	10			50
216	1		0;109;10017	7	1500;4500;13500	10			50
216	2		0;109;10018	7	1500;4500;13500	10			50
216	3		0;109;10019	7	1500;4500;13500	10			50
216	4		0;109;10020	7	1500;4500;13500	10			50
217	1		0;110;10017	7	1500;4500;13500	10			50
217	2		0;110;10018	7	1500;4500;13500	10			50
217	3		0;110;10019	7	1500;4500;13500	10			50
217	4		0;110;10020	7	1500;4500;13500	10			50
218	1	ChŢch Vęn trang	0;108;578	7	1500;4500;13500	10			50
218	2		0;108;579	7	1500;4500;13500	10			50
218	3		0;108;580	7	1500;4500;13500	10			50
218	4		0;108;581	7	1500;4500;13500	10			50
219	1		0;109;578	7	1500;4500;13500	10			50
219	2		0;109;579	7	1500;4500;13500	10			50
219	3		0;109;580	7	1500;4500;13500	10			50
219	4		0;109;581	7	1500;4500;13500	10			50
220	1		0;110;578	7	1500;4500;13500	10			50
220	2		0;110;579	7	1500;4500;13500	10			50
220	3		0;110;580	7	1500;4500;13500	10			50
220	4		0;110;581	7	1500;4500;13500	10			50
221	1	Thanh SşČng trang	0;108;634	7	1500;4500;13500	10			50
221	2		0;108;635	7	1500;4500;13500	10			50
221	3		0;108;636	7	1500;4500;13500	10			50
221	4		0;108;637	7	1500;4500;13500	10			50
222	1		0;109;634	7	1500;4500;13500	10			50
222	2		0;109;635	7	1500;4500;13500	10			50
222	3		0;109;636	7	1500;4500;13500	10			50
222	4		0;109;637	7	1500;4500;13500	10			50
223	1		0;110;634	7	1500;4500;13500	10			50
223	2		0;110;635	7	1500;4500;13500	10			50
223	3		0;110;636	7	1500;4500;13500	10			50
223	4		0;110;637	7	1500;4500;13500	10			50
224	1	Xuęn ř Trang	0;108;1005	7	1500;4500;13500	10			50
224	2		0;108;1006	7	1500;4500;13500	10			50
224	3		0;108;1007	7	1500;4500;13500	10			50
224	4		0;108;1008	7	1500;4500;13500	10			50
225	1		0;109;1005	7	1500;4500;13500	10			50
225	2		0;109;1006	7	1500;4500;13500	10			50
225	3		0;109;1007	7	1500;4500;13500	10			50
225	4		0;109;1008	7	1500;4500;13500	10			50
226	1		0;110;1005	7	1500;4500;13500	10			50
226	2		0;110;1006	7	1500;4500;13500	10			50
226	3		0;110;1007	7	1500;4500;13500	10			50
226	4		0;110;1008	7	1500;4500;13500	10			50
227	1	V╩n TÎnh Trang	0;108;1009	7	1500;4500;13500	10			50
227	2		0;108;1010	7	1500;4500;13500	10			50
227	3		0;108;1011	7	1500;4500;13500	10			50
227	4		0;108;1012	7	1500;4500;13500	10			50
228	1		0;109;1009	7	1500;4500;13500	10			50
228	2		0;109;1010	7	1500;4500;13500	10			50
228	3		0;109;1011	7	1500;4500;13500	10			50
228	4		0;109;1012	7	1500;4500;13500	10			50
229	1		0;110;1009	7	1500;4500;13500	10			50
229	2		0;110;1010	7	1500;4500;13500	10			50
229	3		0;110;1011	7	1500;4500;13500	10			50
229	4		0;110;1012	7	1500;4500;13500	10			50
