ItemIndex	BodyType	GroupName	GDP	SellType	SellPrices	PopPrice	GiftPrice	Not4Sale	Sort	Scale	Charm
1	1	Tinh H¶i Linh	0;121;1	7	378;1620;2400	50				1	400
1	2	Tinh H¶i Linh	0;121;2	7	378;1620;2400	50				1	400
1	3	Tinh H¶i Linh	0;121;3	7	378;1620;2400	50				1	400
1	4	Tinh H¶i Linh	0;121;4	7	378;1620;2400	50				1	400
2	1	Tinh H¶i Linh	0;119;1	7	567;2430;3600	50				1	600
2	2	Tinh H¶i Linh	0;119;2	7	567;2430;3600	50				1	600
2	3	Tinh H¶i Linh	0;119;3	7	567;2430;3600	50				1	600
2	4	Tinh H¶i Linh	0;119;4	7	567;2430;3600	50				1	600
3	1	Tinh H¶i Linh	0;120;1	7	1418;6075;9000	50				1	1500
3	2	Tinh H¶i Linh	0;120;2	7	1418;6075;9000	50				1	1500
3	3	Tinh H¶i Linh	0;120;3	7	1418;6075;9000	50				1	1500
3	4	Tinh H¶i Linh	0;120;4	7	1418;6075;9000	50				1	1500
4	1	Nh¸nh §µo T­¬i	0;120;134	7	142;608;900	10				1	150
4	2	Nh¸nh §µo T­¬i	0;120;135	7	142;608;900	10				1	150
4	3	Nh¸nh §µo T­¬i	0;120;136	7	142;608;900	10				1	150
4	4	Nh¸nh §µo T­¬i	0;120;137	7	142;608;900	10				1	150
5	1	Con C¸ (§á)	0;120;126	7	142;608;900	10				1	150
5	2	Con C¸ (§á)	0;120;127	7	142;608;900	10				1	150
5	3	Con C¸ (§á)	0;120;128	7	142;608;900	10				1	150
5	4	Con C¸ (§á)	0;120;129	7	142;608;900	10				1	150
6	1	Con C¸ (§á)	0;120;130	7	189;810;1200	10				1	200
6	2	Con C¸ (§á)	0;120;131	7	189;810;1200	10				1	200
6	3	Con C¸ (§á)	0;120;132	7	189;810;1200	10				1	200
6	4	Con C¸ (§á)	0;120;133	7	189;810;1200	10				1	200
7	0	ThiŐu L©m Tinh Kú	0;120;42		99999;99999;99999	10		1		1	40
8	0	ThiŐu L©m Tinh Kú	0;120;43		99999;99999;99999	10		1		1	60
9	0	ThiŐu L©m Tinh Kú	0;120;44		99999;99999;99999	10		1		1	150
10	0	§­ęng M«n Tinh Kú	0;120;45		99999;99999;99999	10		1		1	40
11	0	§­ęng M«n Tinh Kú	0;120;46		99999;99999;99999	10		1		1	60
12	0	§­ęng M«n Tinh Kú	0;120;47		99999;99999;99999	10		1		1	150
13	0	Nga My Tinh Kú	0;120;48		99999;99999;99999	10		1		1	40
14	0	Nga My Tinh Kú	0;120;49		99999;99999;99999	10		1		1	60
15	0	Nga My Tinh Kú	0;120;50		99999;99999;99999	10		1		1	150
16	0	C¸i Bang Tinh Kú	0;120;51		99999;99999;99999	10		1		1	40
17	0	C¸i Bang Tinh Kú	0;120;52		99999;99999;99999	10		1		1	60
18	0	C¸i Bang Tinh Kú	0;120;53		99999;99999;99999	10		1		1	150
19	0	Vâ §ang Tinh Kú	0;120;54		99999;99999;99999	10		1		1	40
20	0	Vâ §ang Tinh Kú	0;120;55		99999;99999;99999	10		1		1	60
21	0	Vâ §ang Tinh Kú	0;120;56		99999;99999;99999	10		1		1	150
22	0	D­¬ng M«n Tinh Kú	0;120;57		99999;99999;99999	10		1		1	40
23	0	D­¬ng M«n Tinh Kú	0;120;58		99999;99999;99999	10		1		1	60
24	0	D­¬ng M«n Tinh Kú	0;120;59		99999;99999;99999	10		1		1	150
25	0	Ngň §éc Tinh Kú	0;120;60		99999;99999;99999	10		1		1	40
26	0	Ngň §éc Tinh Kú	0;120;61		99999;99999;99999	10		1		1	60
27	0	Ngň §éc Tinh Kú	0;120;62		99999;99999;99999	10		1		1	150
28	0	C«n L«n Tinh Kú	0;120;63		99999;99999;99999	10		1		1	40
29	0	C«n L«n Tinh Kú	0;120;64		99999;99999;99999	10		1		1	60
30	0	C«n L«n Tinh Kú	0;120;65		99999;99999;99999	10		1		1	150
31	0	Minh Gi¸o Tinh Kú	0;120;66		99999;99999;99999	10		1		1	40
32	0	Minh Gi¸o Tinh Kú	0;120;67		99999;99999;99999	10		1		1	60
33	0	Minh Gi¸o Tinh Kú	0;120;68		99999;99999;99999	10		1		1	150
34	0	Thóy YŞn Tinh Kú	0;120;69		99999;99999;99999	10		1		1	40
35	0	Thóy YŞn Tinh Kú	0;120;70		99999;99999;99999	10		1		1	60
36	0	Thóy YŞn Tinh Kú	0;120;71		99999;99999;99999	10		1		1	150
37	1	TŐt Thanh Minh	0;120;247		99999;99999;99999	10		1		1	200
37	2	TŐt Thanh Minh	0;120;248		99999;99999;99999	10		1		1	200
37	3	TŐt Thanh Minh	0;120;249		99999;99999;99999	10		1		1	200
37	4	TŐt Thanh Minh	0;120;250		99999;99999;99999	10		1		1	200
38	1	TŐt Thanh Minh	0;120;231		99999;99999;99999	10		1		1	150
38	2	TŐt Thanh Minh	0;120;232		99999;99999;99999	10		1		1	150
38	3	TŐt Thanh Minh	0;120;233		99999;99999;99999	10		1		1	150
38	4	TŐt Thanh Minh	0;120;234		99999;99999;99999	10		1		1	150
39	1	§ĺng KiŐm Thu Thńy	0;120;158		99999;99999;99999	10		1		1	500
39	2	§ĺng KiŐm Thu Thńy	0;120;159		99999;99999;99999	10		1		1	500
39	3	§ĺng KiŐm Thu Thńy	0;120;160		99999;99999;99999	10		1		1	500
39	4	§ĺng KiŐm Thu Thńy	0;120;161		99999;99999;99999	10		1		1	500
40	1	Hµnh NhĘt §¶m	0;120;195		99999;99999;99999	20		1		1	500
40	2	Hµnh NhĘt §¶m	0;120;196		99999;99999;99999	20		1		1	500
40	3	Hµnh NhĘt §¶m	0;120;197		99999;99999;99999	20		1		1	500
40	4	Hµnh NhĘt §¶m	0;120;198		99999;99999;99999	20		1		1	500
41	1	Xą ThiŞn Lang	0;120;142		99999;99999;99999	20		1		1	500
41	2	Xą ThiŞn Lang	0;120;143		99999;99999;99999	20		1		1	500
41	3	Xą ThiŞn Lang	0;120;144		99999;99999;99999	20		1		1	500
41	4	Xą ThiŞn Lang	0;120;145		99999;99999;99999	20		1		1	500
42	1	Hĺ §iÖp ChŘ DiŞn	0;120;100		99999;99999;99999	20		1		1	500
43	2	Hĺ §iÖp ChŘ DiŞn	0;120;101		99999;99999;99999	20		1		1	500
44	3	Hĺ §iÖp ChŘ DiŞn	0;120;102		99999;99999;99999	20		1		1	500
45	4	Hĺ §iÖp ChŘ DiŞn	0;120;103		99999;99999;99999	20		1		1	500
46	0	Vâ T­¬ng Kim Lu©n	0;120;121		99999;99999;99999	50		1		1	1500
47	0	Vâ T­¬ng Kim Lu©n	0;121;85		99999;99999;99999	50		1		1	400
48	0	Vâ T­¬ng Kim Lu©n	0;119;97		99999;99999;99999	50		1		1	600
49	0	BÝch H¶i Lam Phong	0;120;120		99999;99999;99999	50		1		1	1500
50	0	BÝch H¶i Lam Phong	0;121;84		99999;99999;99999	50		1		1	400
51	0	BÝch H¶i Lam Phong	0;119;96		99999;99999;99999	50		1		1	600
52	0	Phong Háa LiŞn Thµnh	0;120;122		99999;99999;99999	50		1		1	1500
53	0	Phong Háa LiŞn Thµnh	0;121;86		99999;99999;99999	50		1		1	400
54	0	Phong Háa LiŞn Thµnh	0;119;98		99999;99999;99999	50		1		1	600
55	1	Trang Sřc Vň Th­ęng	0;119;17		99999;99999;99999	50		1		1	600
55	2	Trang Sřc Vň Th­ęng	0;119;18		99999;99999;99999	50		1		1	600
55	3	Trang Sřc Vň Th­ęng	0;119;19		99999;99999;99999	50		1		1	600
55	4	Trang Sřc Vň Th­ęng	0;119;20		99999;99999;99999	50		1		1	600
56	1	Trang Sřc Vň Th­ęng	0;121;17		99999;99999;99999	50		1		1	400
56	2	Trang Sřc Vň Th­ęng	0;121;18		99999;99999;99999	50		1		1	400
56	3	Trang Sřc Vň Th­ęng	0;121;19		99999;99999;99999	50		1		1	400
56	4	Trang Sřc Vň Th­ęng	0;121;20		99999;99999;99999	50		1		1	400
57	1	Trang Sřc Vň Th­ęng	0;120;17		99999;99999;99999	50		1		1	1500
57	2	Trang Sřc Vň Th­ęng	0;120;18		99999;99999;99999	50		1		1	1500
57	3	Trang Sřc Vň Th­ęng	0;120;19		99999;99999;99999	50		1		1	1500
57	4	Trang Sřc Vň Th­ęng	0;120;20		99999;99999;99999	50		1		1	1500
58	1	Trang Sřc L­u Tinh	0;119;21		99999;99999;99999	50		1		1	600
58	2	Trang Sřc L­u Tinh	0;119;22		99999;99999;99999	50		1		1	600
58	3	Trang Sřc L­u Tinh	0;119;23		99999;99999;99999	50		1		1	600
58	4	Trang Sřc L­u Tinh	0;119;24		99999;99999;99999	50		1		1	600
59	1	Trang Sřc L­u Tinh	0;121;21		99999;99999;99999	50		1		1	1500
59	2	Trang Sřc L­u Tinh	0;121;22		99999;99999;99999	50		1		1	1500
59	3	Trang Sřc L­u Tinh	0;121;23		99999;99999;99999	50		1		1	1500
59	4	Trang Sřc L­u Tinh	0;121;24		99999;99999;99999	50		1		1	1500
60	1	Trang Sřc L­u Tinh	0;120;21		99999;99999;99999	50		1		1	400
60	2	Trang Sřc L­u Tinh	0;120;22		99999;99999;99999	50		1		1	400
60	3	Trang Sřc L­u Tinh	0;120;23		99999;99999;99999	50		1		1	400
60	4	Trang Sřc L­u Tinh	0;120;24		99999;99999;99999	50		1		1	400
61	1	LŞ Hoa Nh­ TuyŐt	0;120;235		99999;99999;99999	50		1		1	1800
61	2	LŞ Hoa Nh­ TuyŐt	0;120;236		99999;99999;99999	50		1		1	1800
61	3	LŞ Hoa Nh­ TuyŐt	0;120;237		99999;99999;99999	50		1		1	1800
61	4	LŞ Hoa Nh­ TuyŐt	0;120;238		99999;99999;99999	50		1		1	1800
62	1	LŞ Hoa Nh­ TuyŐt	0;119;235		99999;99999;99999	50		1		1	720
62	2	LŞ Hoa Nh­ TuyŐt	0;119;236		99999;99999;99999	50		1		1	720
62	3	LŞ Hoa Nh­ TuyŐt	0;119;237		99999;99999;99999	50		1		1	720
62	4	LŞ Hoa Nh­ TuyŐt	0;119;238		99999;99999;99999	50		1		1	720
63	1	LŞ Hoa Nh­ TuyŐt	0;121;235		99999;99999;99999	50		1		1	480
63	2	LŞ Hoa Nh­ TuyŐt	0;121;236		99999;99999;99999	50		1		1	480
63	3	LŞ Hoa Nh­ TuyŐt	0;121;237		99999;99999;99999	50		1		1	480
63	4	LŞ Hoa Nh­ TuyŐt	0;121;238		99999;99999;99999	50		1		1	480
64	1	Trang Sřc L­u Háa	0;119;13		99999;99999;99999	50		1		1	600
64	2	Trang Sřc L­u Háa	0;119;14		99999;99999;99999	50		1		1	600
64	3	Trang Sřc L­u Háa	0;119;15		99999;99999;99999	50		1		1	600
64	4	Trang Sřc L­u Háa	0;119;16		99999;99999;99999	50		1		1	600
65	1	Trang Sřc L­u Háa	0;121;13		99999;99999;99999	50		1		1	400
65	2	Trang Sřc L­u Háa	0;121;14		99999;99999;99999	50		1		1	400
65	3	Trang Sřc L­u Háa	0;121;15		99999;99999;99999	50		1		1	400
65	4	Trang Sřc L­u Háa	0;121;16		99999;99999;99999	50		1		1	400
66	1	Trang Sřc L­u Háa	0;120;13		99999;99999;99999	50		1		1	1500
66	2	Trang Sřc L­u Háa	0;120;14		99999;99999;99999	50		1		1	1500
66	3	Trang Sřc L­u Háa	0;120;15		99999;99999;99999	50		1		1	1500
66	4	Trang Sřc L­u Háa	0;120;16		99999;99999;99999	50		1		1	1500
67	0	HuyŇn Hoµng Song KiŐm-Hĺng Phong	0;120;124		99999;99999;99999	50		1		1	1800
68	0	HuyŇn Hoµng Song KiŐm-Hĺng Phong	0;121;88		99999;99999;99999	50		1		1	480
69	0	HuyŇn Hoµng Song KiŐm-Hĺng Phong	0;119;100		99999;99999;99999	50		1		1	720
70	1	Bóp BŞ Hąnh Phóc	0;120;170	7	315;1350;2000	10				1	150
70	2	Bóp BŞ Hąnh Phóc	0;120;171	7	315;1350;2000	10				1	150
70	3	Bóp BŞ Hąnh Phóc	0;120;172	7	315;1350;2000	10				1	150
70	4	Bóp BŞ Hąnh Phóc	0;120;173	7	315;1350;2000	10				1	150
71	1	Bóp BŞ Hąnh Phóc	0;120;174	7	315;1350;2000	10				1	150
71	2	Bóp BŞ Hąnh Phóc	0;120;175	7	315;1350;2000	10				1	150
71	3	Bóp BŞ Hąnh Phóc	0;120;176	7	315;1350;2000	10				1	150
71	4	Bóp BŞ Hąnh Phóc	0;120;177	7	315;1350;2000	10				1	150
72	1	Tú Bµ	0;120;178		99999;99999;99999	10		1		1	200
72	2	Tú Bµ	0;120;179		99999;99999;99999	10		1		1	200
72	3	Tú Bµ	0;120;180		99999;99999;99999	10		1		1	200
72	4	Tú Bµ	0;120;181		99999;99999;99999	10		1		1	200
73	1	TuyÖt ThŐ Khuynh Qučc	0;120;150		99999;99999;99999	10		1		1	200
73	2	TuyÖt ThŐ Khuynh Qučc	0;120;151		99999;99999;99999	10		1		1	200
73	3	TuyÖt ThŐ Khuynh Qučc	0;120;152		99999;99999;99999	10		1		1	200
73	4	TuyÖt ThŐ Khuynh Qučc	0;120;153		99999;99999;99999	10		1		1	200
74	1	Chim B¨ng	0;120;255		99999;99999;99999	10		1		1	800
74	2	Chim B¨ng	0;120;256		99999;99999;99999	10		1		1	800
74	3	Chim B¨ng	0;120;257		99999;99999;99999	10		1		1	800
74	4	Chim B¨ng	0;120;258		99999;99999;99999	10		1		1	800
75	1	Gi¸ng Sinh Hąnh Phóc	0;120;25		99999;99999;99999	10		1		1	300
75	2	Gi¸ng Sinh Hąnh Phóc	0;120;26		99999;99999;99999	10		1		1	300
75	3	Gi¸ng Sinh Hąnh Phóc	0;120;27		99999;99999;99999	10		1		1	300
75	4	Gi¸ng Sinh Hąnh Phóc	0;120;28		99999;99999;99999	10		1		1	300
76	1	Gi¸ng Sinh Hąnh Phóc	0;120;29		99999;99999;99999	10		1		1	300
76	2	Gi¸ng Sinh Hąnh Phóc	0;120;30		99999;99999;99999	10		1		1	300
76	3	Gi¸ng Sinh Hąnh Phóc	0;120;31		99999;99999;99999	10		1		1	300
76	4	Gi¸ng Sinh Hąnh Phóc	0;120;32		99999;99999;99999	10		1		1	300
77	1	Gi¸ng Sinh Hąnh Phóc	0;120;33		99999;99999;99999	10		1		1	300
77	2	Gi¸ng Sinh Hąnh Phóc	0;120;34		99999;99999;99999	10		1		1	300
77	3	Gi¸ng Sinh Hąnh Phóc	0;120;35		99999;99999;99999	10		1		1	300
77	4	Gi¸ng Sinh Hąnh Phóc	0;120;36		99999;99999;99999	10		1		1	300
78	0	Gi¸ng Sinh Hąnh Phóc	0;120;39		99999;99999;99999	10		1		1	400
79	0	Gi¸ng Sinh Hąnh Phóc	0;120;40		99999;99999;99999	10		1		1	300
80	0	Gi¸ng Sinh Hąnh Phóc	0;120;41		99999;99999;99999	10		1		1	200
81	1	Chim B¨ng	0;120;259		99999;99999;99999	10		1		1	800
82	2	Chim B¨ng	0;120;260		99999;99999;99999	10		1		1	800
83	3	Chim B¨ng	0;120;261		99999;99999;99999	10		1		1	800
84	4	Chim B¨ng	0;120;262		99999;99999;99999	10		1		1	800
85	1	ThiŞn Thu TuŐ	0;119;251		99999;99999;99999	50		1		1	720
85	2	ThiŞn Thu TuŐ	0;119;252		99999;99999;99999	50		1		1	720
85	3	ThiŞn Thu TuŐ	0;119;253		99999;99999;99999	50		1		1	720
85	4	ThiŞn Thu TuŐ	0;119;254		99999;99999;99999	50		1		1	720
86	1	ThiŞn Thu TuŐ	0;120;251		99999;99999;99999	50		1		1	1800
86	2	ThiŞn Thu TuŐ	0;120;252		99999;99999;99999	50		1		1	1800
86	3	ThiŞn Thu TuŐ	0;120;253		99999;99999;99999	50		1		1	1800
86	4	ThiŞn Thu TuŐ	0;120;254		99999;99999;99999	50		1		1	1800
87	1	ThiŞn Thu TuŐ	0;121;251		99999;99999;99999	50		1		1	480
87	2	ThiŞn Thu TuŐ	0;121;252		99999;99999;99999	50		1		1	480
87	3	ThiŞn Thu TuŐ	0;121;253		99999;99999;99999	50		1		1	480
87	4	ThiŞn Thu TuŐ	0;121;254		99999;99999;99999	50		1		1	480
88	1	Mai TiŞu TuyŐt	0;120;219		99999;99999;99999	50		1		1	1000
88	2	Mai TiŞu TuyŐt	0;120;220		99999;99999;99999	50		1		1	1000
88	3	Mai TiŞu TuyŐt	0;120;221		99999;99999;99999	50		1		1	1000
88	4	Mai TiŞu TuyŐt	0;120;222		99999;99999;99999	50		1		1	1000
89	1	Mai TiŞu TuyŐt	0;119;215		99999;99999;99999	50		1		1	600
89	2	Mai TiŞu TuyŐt	0;119;216		99999;99999;99999	50		1		1	600
89	3	Mai TiŞu TuyŐt	0;119;217		99999;99999;99999	50		1		1	600
89	4	Mai TiŞu TuyŐt	0;119;218		99999;99999;99999	50		1		1	600
90	1	Mai TiŞu TuyŐt	0;121;215		99999;99999;99999	50		1		1	400
90	2	Mai TiŞu TuyŐt	0;121;216		99999;99999;99999	50		1		1	400
90	3	Mai TiŞu TuyŐt	0;121;217		99999;99999;99999	50		1		1	400
90	4	Mai TiŞu TuyŐt	0;121;218		99999;99999;99999	50		1		1	400
91	1	Gi¸ng Sinh Hąnh Phóc	0;120;37		99999;99999;99999	10		1		1	800
91	2	Gi¸ng Sinh Hąnh Phóc	0;120;37		99999;99999;99999	10		1		1	800
91	3	Gi¸ng Sinh Hąnh Phóc	0;120;37		99999;99999;99999	10		1		1	800
91	4	Gi¸ng Sinh Hąnh Phóc	0;120;37		99999;99999;99999	10		1		1	800
92	1	Hµn §­ęng Nhąn	0;119;299		99999;99999;99999	50		1		1	2160
92	2	Hµn §­ęng Nhąn	0;119;300		99999;99999;99999	50		1		1	2160
92	3	Hµn §­ęng Nhąn	0;119;301		99999;99999;99999	50		1		1	2160
92	4	Hµn §­ęng Nhąn	0;119;302		99999;99999;99999	50		1		1	2160
93	1	Hµn §­ęng Nhąn	0;120;299		99999;99999;99999	50		1		1	5400
93	2	Hµn §­ęng Nhąn	0;120;300		99999;99999;99999	50		1		1	5400
93	3	Hµn §­ęng Nhąn	0;120;301		99999;99999;99999	50		1		1	5400
93	4	Hµn §­ęng Nhąn	0;120;302		99999;99999;99999	50		1		1	5400
94	1	Hµn §­ęng Nhąn	0;121;299		99999;99999;99999	50		1		1	1440
94	2	Hµn §­ęng Nhąn	0;121;300		99999;99999;99999	50		1		1	1440
94	3	Hµn §­ęng Nhąn	0;121;301		99999;99999;99999	50		1		1	1440
94	4	Hµn §­ęng Nhąn	0;121;302		99999;99999;99999	50		1		1	1440
95	1	§ąp Sa Hµnh	0;119;275		99999;99999;99999	50		1		1	720
95	2	§ąp Sa Hµnh	0;119;276		99999;99999;99999	50		1		1	720
95	3	§ąp Sa Hµnh	0;119;277		99999;99999;99999	50		1		1	720
95	4	§ąp Sa Hµnh	0;119;278		99999;99999;99999	50		1		1	720
96	1	§ąp Sa Hµnh	0;120;275		99999;99999;99999	50		1		1	1800
96	2	§ąp Sa Hµnh	0;120;276		99999;99999;99999	50		1		1	1800
96	3	§ąp Sa Hµnh	0;120;277		99999;99999;99999	50		1		1	1800
96	4	§ąp Sa Hµnh	0;120;278		99999;99999;99999	50		1		1	1800
97	1	§ąp Sa Hµnh	0;121;275		99999;99999;99999	50		1		1	480
97	2	§ąp Sa Hµnh	0;121;276		99999;99999;99999	50		1		1	480
97	3	§ąp Sa Hµnh	0;121;277		99999;99999;99999	50		1		1	480
97	4	§ąp Sa Hµnh	0;121;278		99999;99999;99999	50		1		1	480
98	1	Xóc Xľc	0;120;112		99999;99999;99999	10		1		1	500
98	2	Xóc Xľc	0;120;113		99999;99999;99999	10		1		1	500
98	3	Xóc Xľc	0;120;114		99999;99999;99999	10		1		1	500
98	4	Xóc Xľc	0;120;115		99999;99999;99999	10		1		1	500
99	1	Xóc Xľc	0;120;116		99999;99999;99999	10		1		1	500
99	2	Xóc Xľc	0;120;117		99999;99999;99999	10		1		1	500
99	3	Xóc Xľc	0;120;118		99999;99999;99999	10		1		1	500
99	4	Xóc Xľc	0;120;119		99999;99999;99999	10		1		1	500
